#N 32 1
#C Ni
## Force from LAMMPS, T300, bulk
#X 7.04 0   0
#Y 0   7.04 0
#Z 0   0    7.04
#E -139.89586 
#F						
0 0.0325644 0.0560152 0.160918 -0.917423 -0.27243 0.133417 
0 1.74916 1.81861 0.170091 -0.607278 0.319001 -0.589383 
0 1.76944 0.124951 1.93188 -1.11144 -1.0254 0.666887 
0 -0.0838505 1.81654 1.88966 1.56011 -0.404412 1.46991 
0 3.48369 0.0222275 0.152178 0.487577 1.78775 0.417216 
0 5.2617 1.87592 0.137659 -1.39001 -2.40296 0.385358 
0 5.2478 0.0909936 1.87946 -0.478138 -0.221724 0.657495 
0 3.48522 1.86566 1.91599 0.110572 -2.58842 -0.267966 
0 -0.0702697 3.5859 0.165343 1.34239 0.73583 -0.727982 
0 1.79038 5.33659 0.208648 -2.28468 0.0197409 -0.737948 
0 1.63296 3.54181 1.92274 1.53591 0.737606 0.108837 
0 -0.0134103 5.35443 1.94529 -0.837807 -0.146576 -0.453058 
0 3.48195 3.59407 0.221067 0.245982 -0.315823 -0.881168 
0 5.25445 5.3539 0.199642 0.564348 -0.727686 -0.485553 
0 5.24458 3.52868 1.95097 0.920961 2.38147 -0.0250792 
0 3.50349 5.35779 1.93312 -0.00974479 -0.720749 0.00659193 
0 -0.0879611 0.0649782 3.6724 1.64088 -0.0703183 0.187833 
0 1.72393 1.84891 3.71589 -0.715517 -1.08504 -1.15303 
0 1.77935 0.106593 5.38851 -1.56277 -2.28037 1.2501 
0 -0.0560409 1.78096 5.46813 0.742949 0.909401 -0.419454 
0 3.50953 0.0355825 3.68644 0.0750575 1.10217 -0.482356 
0 5.22977 1.81073 3.71184 0.0703906 0.0890369 -0.216736 
0 5.23158 0.0297757 5.45734 0.75717 -0.00449913 0.386446 
0 3.50051 1.78816 5.46712 0.270753 1.59477 -0.364927 
0 -0.0400616 3.56906 3.76129 -0.32215 0.360343 -1.18267 
0 1.75161 5.33905 3.6323 -0.603538 0.0233548 1.64921 
0 1.7544 3.5655 5.46629 -0.344234 0.380369 0.142801 
0 0.0251964 5.36043 5.46729 -0.643673 -0.178412 -0.510746 
0 3.45042 3.54011 3.61212 0.637463 1.7252 2.55982 
0 5.22211 5.3294 3.67269 0.968071 -0.413596 0.33109 
0 5.20131 3.59554 5.45599 0.888394 -0.0325282 -0.608797 
0 3.50025 5.30077 5.46994 -0.990578 0.724901 -1.24615 
