121652	0.62617108	2.40134773	2.53781523
121653	0.62617108	2.40134773	2.53781523
121654	0.62617108	2.40134773	2.53781523
121655	0.62617108	2.40134773	2.53781523
121656	0.62617108	2.40134773	2.53781523
121657	0.62617108	2.40134772	2.53781523
121658	0.62617108	2.40134772	2.53781523
121659	0.62617108	2.40134772	2.53781523
121660	0.62617108	2.40134772	2.53781523
121661	0.62617108	2.40134772	2.53781523
121662	0.62617108	2.40134772	2.53781524
121663	0.62617108	2.40134772	2.53781524
121664	0.62617108	2.40134772	2.53781524
121665	0.62617108	2.40134771	2.53781524
121666	0.62617108	2.40134771	2.53781524
121667	0.62617108	2.40134771	2.53781524
121668	0.62617108	2.40134771	2.53781524
121669	0.62617108	2.40134771	2.53781524
121670	0.62617108	2.40134771	2.53781524
121671	0.62617108	2.40134771	2.53781524
121672	0.62617108	2.40134771	2.53781524
121673	0.62617108	2.40134770	2.53781524
121674	0.62617108	2.40134770	2.53781524
121675	0.62617108	2.40134770	2.53781524
121676	0.62617108	2.40134770	2.53781524
121677	0.62617108	2.40134770	2.53781524
121678	0.62617108	2.40134770	2.53781525
121679	0.62617108	2.40134770	2.53781525
121680	0.62617108	2.40134769	2.53781525
121681	0.62617108	2.40134769	2.53781525
121682	0.62617108	2.40134769	2.53781525
121683	0.62617108	2.40134769	2.53781525
121684	0.62617108	2.40134769	2.53781525
121685	0.62617108	2.40134769	2.53781525
121686	0.62617108	2.40134769	2.53781525
121687	0.62617108	2.40134769	2.53781525
121688	0.62617108	2.40134768	2.53781525
121689	0.62617108	2.40134768	2.53781525
121690	0.62617108	2.40134768	2.53781525
121691	0.62617108	2.40134768	2.53781525
121692	0.62617108	2.40134768	2.53781525
121693	0.62617108	2.40134768	2.53781526
121694	0.62617108	2.40134768	2.53781526
121695	0.62617108	2.40134768	2.53781526
121696	0.62617108	2.40134767	2.53781526
121697	0.62617108	2.40134767	2.53781526
121698	0.62617108	2.40134767	2.53781526
121699	0.62617108	2.40134767	2.53781526
121700	0.62617108	2.40134767	2.53781526
121701	0.62617108	2.40134767	2.53781526
121702	0.62617108	2.40134767	2.53781526
121703	0.62617108	2.40134767	2.53781526
121704	0.62617108	2.40134766	2.53781526
121705	0.62617108	2.40134766	2.53781526
121706	0.62617108	2.40134766	2.53781526
121707	0.62617108	2.40134766	2.53781526
121708	0.62617108	2.40134766	2.53781527
121709	0.62617108	2.40134766	2.53781527
121710	0.62617108	2.40134766	2.53781527
121711	0.62617108	2.40134765	2.53781527
121712	0.62617108	2.40134765	2.53781527
121713	0.62617108	2.40134765	2.53781527
121714	0.62617108	2.40134765	2.53781527
121715	0.62617108	2.40134765	2.53781527
121716	0.62617108	2.40134765	2.53781527
121717	0.62617108	2.40134765	2.53781527
121718	0.62617108	2.40134765	2.53781527
121719	0.62617108	2.40134764	2.53781527
121720	0.62617108	2.40134764	2.53781527
121721	0.62617108	2.40134764	2.53781527
121722	0.62617108	2.40134764	2.53781527
121723	0.62617107	2.40134764	2.53781527
121724	0.62617107	2.40134764	2.53781528
121725	0.62617107	2.40134764	2.53781528
121726	0.62617107	2.40134764	2.53781528
121727	0.62617107	2.40134763	2.53781528
121728	0.62617107	2.40134763	2.53781528
121729	0.62617107	2.40134763	2.53781528
121730	0.62617107	2.40134763	2.53781528
121731	0.62617107	2.40134763	2.53781528
121732	0.62617107	2.40134763	2.53781528
121733	0.62617107	2.40134763	2.53781528
121734	0.62617107	2.40134762	2.53781528
121735	0.62617107	2.40134762	2.53781528
121736	0.62617107	2.40134762	2.53781528
121737	0.62617107	2.40134762	2.53781528
121738	0.62617107	2.40134762	2.53781528
121739	0.62617107	2.40134762	2.53781529
121740	0.62617107	2.40134762	2.53781529
121741	0.62617107	2.40134762	2.53781529
121742	0.62617107	2.40134761	2.53781529
121743	0.62617107	2.40134761	2.53781529
121744	0.62617107	2.40134761	2.53781529
121745	0.62617107	2.40134761	2.53781529
121746	0.62617107	2.40134761	2.53781529
121747	0.62617107	2.40134761	2.53781529
121748	0.62617107	2.40134761	2.53781529
121749	0.62617107	2.40134761	2.53781529
121750	0.62617107	2.40134760	2.53781529
121751	0.62617107	2.40134760	2.53781529
121752	0.62617107	2.40134760	2.53781529
121753	0.62617107	2.40134760	2.53781529
121754	0.62617107	2.40134760	2.53781530
121755	0.62617107	2.40134760	2.53781530
121756	0.62617107	2.40134760	2.53781530
121757	0.62617107	2.40134760	2.53781530
121758	0.62617107	2.40134759	2.53781530
121759	0.62617107	2.40134759	2.53781530
121760	0.62617107	2.40134759	2.53781530
121761	0.62617107	2.40134759	2.53781530
121762	0.62617107	2.40134759	2.53781530
121763	0.62617107	2.40134759	2.53781530
121764	0.62617107	2.40134759	2.53781530
121765	0.62617107	2.40134758	2.53781530
121766	0.62617107	2.40134758	2.53781530
121767	0.62617107	2.40134758	2.53781530
121768	0.62617107	2.40134758	2.53781530
121769	0.62617107	2.40134758	2.53781530
121770	0.62617107	2.40134758	2.53781531
121771	0.62617107	2.40134758	2.53781531
121772	0.62617107	2.40134758	2.53781531
121773	0.62617107	2.40134757	2.53781531
121774	0.62617107	2.40134757	2.53781531
121775	0.62617107	2.40134757	2.53781531
121776	0.62617107	2.40134757	2.53781531
121777	0.62617107	2.40134757	2.53781531
121778	0.62617107	2.40134757	2.53781531
121779	0.62617107	2.40134757	2.53781531
121780	0.62617107	2.40134757	2.53781531
121781	0.62617107	2.40134756	2.53781531
121782	0.62617107	2.40134756	2.53781531
121783	0.62617107	2.40134756	2.53781531
121784	0.62617107	2.40134756	2.53781531
121785	0.62617107	2.40134756	2.53781532
121786	0.62617107	2.40134756	2.53781532
121787	0.62617107	2.40134756	2.53781532
121788	0.62617107	2.40134756	2.53781532
121789	0.62617107	2.40134755	2.53781532
121790	0.62617107	2.40134755	2.53781532
121791	0.62617107	2.40134755	2.53781532
121792	0.62617107	2.40134755	2.53781532
121793	0.62617107	2.40134755	2.53781532
121794	0.62617107	2.40134755	2.53781532
121795	0.62617107	2.40134755	2.53781532
121796	0.62617107	2.40134754	2.53781532
121797	0.62617107	2.40134754	2.53781532
121798	0.62617107	2.40134754	2.53781532
121799	0.62617106	2.40134754	2.53781532
121800	0.62617106	2.40134754	2.53781533
121801	0.62617106	2.40134754	2.53781533
121802	0.62617106	2.40134754	2.53781533
121803	0.62617106	2.40134754	2.53781533
121804	0.62617106	2.40134753	2.53781533
121805	0.62617106	2.40134753	2.53781533
121806	0.62617106	2.40134753	2.53781533
121807	0.62617106	2.40134753	2.53781533
121808	0.62617106	2.40134753	2.53781533
121809	0.62617106	2.40134753	2.53781533
121810	0.62617106	2.40134753	2.53781533
121811	0.62617106	2.40134753	2.53781533
121812	0.62617106	2.40134752	2.53781533
121813	0.62617106	2.40134752	2.53781533
121814	0.62617106	2.40134752	2.53781533
121815	0.62617106	2.40134752	2.53781533
121816	0.62617106	2.40134752	2.53781534
121817	0.62617106	2.40134752	2.53781534
121818	0.62617106	2.40134752	2.53781534
121819	0.62617106	2.40134752	2.53781534
121820	0.62617106	2.40134751	2.53781534
121821	0.62617106	2.40134751	2.53781534
121822	0.62617106	2.40134751	2.53781534
121823	0.62617106	2.40134751	2.53781534
121824	0.62617106	2.40134751	2.53781534
121825	0.62617106	2.40134751	2.53781534
121826	0.62617106	2.40134751	2.53781534
121827	0.62617106	2.40134750	2.53781534
121828	0.62617106	2.40134750	2.53781534
121829	0.62617106	2.40134750	2.53781534
121830	0.62617106	2.40134750	2.53781534
121831	0.62617106	2.40134750	2.53781535
121832	0.62617106	2.40134750	2.53781535
121833	0.62617106	2.40134750	2.53781535
121834	0.62617106	2.40134750	2.53781535
121835	0.62617106	2.40134749	2.53781535
121836	0.62617106	2.40134749	2.53781535
121837	0.62617106	2.40134749	2.53781535
121838	0.62617106	2.40134749	2.53781535
121839	0.62617106	2.40134749	2.53781535
121840	0.62617106	2.40134749	2.53781535
121841	0.62617106	2.40134749	2.53781535
121842	0.62617106	2.40134749	2.53781535
121843	0.62617106	2.40134748	2.53781535
121844	0.62617106	2.40134748	2.53781535
121845	0.62617106	2.40134748	2.53781535
121846	0.62617106	2.40134748	2.53781536
121847	0.62617106	2.40134748	2.53781536
121848	0.62617106	2.40134748	2.53781536
121849	0.62617106	2.40134748	2.53781536
121850	0.62617106	2.40134746	2.53781536

