3.568468e+00 -1.321621e-01
3.578378e+00 -1.301381e-01
3.588288e+00 -1.281479e-01
3.598198e+00 -1.261909e-01
3.608108e+00 -1.242665e-01
3.618018e+00 -1.223742e-01
3.627928e+00 -1.205134e-01
3.637838e+00 -1.186837e-01
3.647748e+00 -1.168844e-01
3.657658e+00 -1.151151e-01
3.667568e+00 -1.133753e-01
3.677477e+00 -1.116645e-01
3.687387e+00 -1.099822e-01
3.697297e+00 -1.083278e-01
3.707207e+00 -1.067010e-01
3.717117e+00 -1.051012e-01
3.727027e+00 -1.035280e-01
3.736937e+00 -1.019809e-01
3.746847e+00 -1.004594e-01
3.756757e+00 -9.896320e-02
3.766667e+00 -9.749176e-02
3.776577e+00 -9.604468e-02
3.786486e+00 -9.462152e-02
3.796396e+00 -9.322189e-02
3.806306e+00 -9.184535e-02
3.816216e+00 -9.049153e-02
3.826126e+00 -8.916000e-02
3.836036e+00 -8.785040e-02
3.845946e+00 -8.656234e-02
3.855856e+00 -8.529543e-02
3.865766e+00 -8.404931e-02
3.875676e+00 -8.282362e-02
3.885586e+00 -8.161799e-02
3.895495e+00 -8.043208e-02
3.905405e+00 -7.926555e-02
3.915315e+00 -7.811804e-02
3.925225e+00 -7.698924e-02
3.935135e+00 -7.587880e-02
3.945045e+00 -7.478642e-02
3.954955e+00 -7.371177e-02
3.964865e+00 -7.265455e-02
3.974775e+00 -7.161444e-02
3.984685e+00 -7.059115e-02
3.994595e+00 -6.958438e-02
4.004505e+00 -6.859385e-02
4.014414e+00 -6.761927e-02
4.024324e+00 -6.666037e-02
4.034234e+00 -6.571686e-02
4.044144e+00 -6.478848e-02
4.054054e+00 -6.387496e-02
4.063964e+00 -6.297605e-02
4.073874e+00 -6.209150e-02
4.083784e+00 -6.122104e-02
4.093694e+00 -6.036444e-02
4.103604e+00 -5.952146e-02
4.113514e+00 -5.869185e-02
4.123423e+00 -5.787538e-02
4.133333e+00 -5.707184e-02
4.143243e+00 -5.628098e-02
4.153153e+00 -5.550260e-02
4.163063e+00 -5.473648e-02
4.172973e+00 -5.398240e-02
4.182883e+00 -5.324015e-02
4.192793e+00 -5.250954e-02
4.202703e+00 -5.179036e-02
4.212613e+00 -5.108242e-02
4.222523e+00 -5.038551e-02
4.232432e+00 -4.969946e-02
4.242342e+00 -4.902407e-02
4.252252e+00 -4.835916e-02
4.262162e+00 -4.770455e-02
4.272072e+00 -4.706007e-02
4.281982e+00 -4.642553e-02
4.291892e+00 -4.580079e-02
4.301802e+00 -4.518565e-02
4.311712e+00 -4.457997e-02
4.321622e+00 -4.398357e-02
4.331532e+00 -4.339631e-02
4.341441e+00 -4.281802e-02
4.351351e+00 -4.224856e-02
4.361261e+00 -4.168778e-02
4.371171e+00 -4.113552e-02
4.381081e+00 -4.059164e-02
4.390991e+00 -4.005601e-02
4.400901e+00 -3.952848e-02
4.410811e+00 -3.900892e-02
4.420721e+00 -3.849719e-02
4.430631e+00 -3.799317e-02
4.440541e+00 -3.749671e-02
4.450450e+00 -3.700771e-02
4.460360e+00 -3.652602e-02
4.470270e+00 -3.605153e-02
4.480180e+00 -3.558412e-02
4.490090e+00 -3.512367e-02
4.500000e+00 -3.467007e-02
4.509910e+00 -3.422320e-02
4.519820e+00 -3.378295e-02
4.529730e+00 -3.334921e-02
4.539640e+00 -3.292187e-02
4.549550e+00 -3.250083e-02
4.559459e+00 -3.208598e-02
4.569369e+00 -3.167723e-02
4.579279e+00 -3.127446e-02
4.589189e+00 -3.087759e-02
4.599099e+00 -3.048652e-02
4.609009e+00 -3.010114e-02
4.618919e+00 -2.972138e-02
4.628829e+00 -2.934713e-02
4.638739e+00 -2.897831e-02
4.648649e+00 -2.861483e-02
4.658559e+00 -2.825660e-02
4.668468e+00 -2.790354e-02
4.678378e+00 -2.755556e-02
4.688288e+00 -2.721258e-02
4.698198e+00 -2.687453e-02
4.708108e+00 -2.654131e-02
4.718018e+00 -2.621286e-02
4.727928e+00 -2.588910e-02
4.737838e+00 -2.556994e-02
4.747748e+00 -2.525533e-02
4.757658e+00 -2.494518e-02
4.767568e+00 -2.463943e-02
4.777477e+00 -2.433800e-02
4.787387e+00 -2.404082e-02
4.797297e+00 -2.374783e-02
4.807207e+00 -2.345897e-02
4.817117e+00 -2.317416e-02
4.827027e+00 -2.289334e-02
4.836937e+00 -2.261646e-02
4.846847e+00 -2.234344e-02
4.856757e+00 -2.207422e-02
4.866667e+00 -2.180875e-02
4.876577e+00 -2.154697e-02
4.886486e+00 -2.128883e-02
4.896396e+00 -2.103425e-02
4.906306e+00 -2.078319e-02
4.916216e+00 -2.053560e-02
4.926126e+00 -2.029141e-02
4.936036e+00 -2.005058e-02
4.945946e+00 -1.981305e-02
4.955856e+00 -1.957878e-02
4.965766e+00 -1.934771e-02
4.975676e+00 -1.911979e-02
4.985586e+00 -1.889498e-02
4.995495e+00 -1.867322e-02
5.005405e+00 -1.845448e-02
5.015315e+00 -1.823870e-02
5.025225e+00 -1.802583e-02
5.035135e+00 -1.781584e-02
5.045045e+00 -1.760869e-02
5.054955e+00 -1.740431e-02
5.064865e+00 -1.720269e-02
5.074775e+00 -1.700376e-02
5.084685e+00 -1.680750e-02
5.094595e+00 -1.661386e-02
5.104505e+00 -1.642280e-02
5.114414e+00 -1.623429e-02
5.124324e+00 -1.604828e-02
5.134234e+00 -1.586474e-02
5.144144e+00 -1.568363e-02
5.154054e+00 -1.550491e-02
5.163964e+00 -1.532855e-02
5.173874e+00 -1.515452e-02
5.183784e+00 -1.498277e-02
5.193694e+00 -1.481327e-02
5.203604e+00 -1.464600e-02
5.213514e+00 -1.448092e-02
5.223423e+00 -1.431799e-02
5.233333e+00 -1.415718e-02
5.243243e+00 -1.399847e-02
5.253153e+00 -1.384182e-02
5.263063e+00 -1.368720e-02
5.272973e+00 -1.353458e-02
5.282883e+00 -1.338394e-02
5.292793e+00 -1.323523e-02
5.302703e+00 -1.308845e-02
5.312613e+00 -1.294354e-02
5.322523e+00 -1.280050e-02
5.332432e+00 -1.265929e-02
5.342342e+00 -1.251989e-02
5.352252e+00 -1.238227e-02
5.362162e+00 -1.224639e-02
5.372072e+00 -1.211225e-02
5.381982e+00 -1.197982e-02
5.391892e+00 -1.184906e-02
5.401802e+00 -1.171995e-02
5.411712e+00 -1.159248e-02
5.421622e+00 -1.146662e-02
5.431532e+00 -1.134234e-02
5.441441e+00 -1.121962e-02
5.451351e+00 -1.109844e-02
5.461261e+00 -1.097878e-02
5.471171e+00 -1.086062e-02
5.481081e+00 -1.074393e-02
5.490991e+00 -1.062870e-02
5.500901e+00 -1.051490e-02
5.510811e+00 -1.040251e-02
5.520721e+00 -1.029152e-02
5.530631e+00 -1.018190e-02
5.540541e+00 -1.007364e-02
5.550450e+00 -9.966707e-03
5.560360e+00 -9.861097e-03
5.570270e+00 -9.756784e-03
5.580180e+00 -9.653752e-03
5.590090e+00 -9.551983e-03
5.600000e+00 -9.451459e-03
5.609910e+00 -9.352163e-03
5.619820e+00 -9.254078e-03
5.629730e+00 -9.157186e-03
5.639640e+00 -9.061472e-03
5.649550e+00 -8.966920e-03
5.659459e+00 -8.873512e-03
5.669369e+00 -8.781234e-03
5.679279e+00 -8.690070e-03
5.689189e+00 -8.600005e-03
5.699099e+00 -8.511024e-03
5.709009e+00 -8.423111e-03
5.718919e+00 -8.336253e-03
5.728829e+00 -8.250435e-03
5.738739e+00 -8.165642e-03
5.748649e+00 -8.081861e-03
5.758559e+00 -7.999079e-03
5.768468e+00 -7.917281e-03
5.778378e+00 -7.836454e-03
5.788288e+00 -7.756586e-03
5.798198e+00 -7.677663e-03
5.808108e+00 -7.599672e-03
5.818018e+00 -7.522602e-03
5.827928e+00 -7.446439e-03
5.837838e+00 -7.371172e-03
5.847748e+00 -7.296788e-03
5.857658e+00 -7.223276e-03
5.867568e+00 -7.150625e-03
5.877477e+00 -7.078822e-03
5.887387e+00 -7.007857e-03
5.897297e+00 -6.937718e-03
5.907207e+00 -6.868395e-03
5.917117e+00 -6.799876e-03
5.927027e+00 -6.732151e-03
5.936937e+00 -6.665210e-03
5.946847e+00 -6.599042e-03
5.956757e+00 -6.533637e-03
5.966667e+00 -6.468985e-03
5.976577e+00 -6.405077e-03
5.986486e+00 -6.341902e-03
5.996396e+00 -6.279451e-03
6.006306e+00 -6.217715e-03
6.016216e+00 -6.156683e-03
6.026126e+00 -6.096348e-03
6.036036e+00 -6.036700e-03
6.045946e+00 -5.977730e-03
6.055856e+00 -5.919429e-03
6.065766e+00 -5.861789e-03
6.075676e+00 -5.804801e-03
6.085586e+00 -5.748457e-03
6.095495e+00 -5.692749e-03
6.105405e+00 -5.637668e-03
6.115315e+00 -5.583206e-03
6.125225e+00 -5.529355e-03
6.135135e+00 -5.476108e-03
6.145045e+00 -5.423457e-03
6.154955e+00 -5.371395e-03
6.164865e+00 -5.319913e-03
6.174775e+00 -5.269004e-03
6.184685e+00 -5.218662e-03
6.194595e+00 -5.168879e-03
6.204505e+00 -5.119648e-03
6.214414e+00 -5.070961e-03
6.224324e+00 -5.022813e-03
6.234234e+00 -4.975196e-03
6.244144e+00 -4.928104e-03
6.254054e+00 -4.881530e-03
6.263964e+00 -4.835467e-03
6.273874e+00 -4.789909e-03
6.283784e+00 -4.744851e-03
6.293694e+00 -4.700285e-03
6.303604e+00 -4.656206e-03
6.313514e+00 -4.612607e-03
6.323423e+00 -4.569482e-03
6.333333e+00 -4.526827e-03
6.343243e+00 -4.484634e-03
6.353153e+00 -4.442898e-03
6.363063e+00 -4.401614e-03
6.372973e+00 -4.360775e-03
6.382883e+00 -4.320377e-03
6.392793e+00 -4.280414e-03
6.402703e+00 -4.240881e-03
6.412613e+00 -4.201772e-03
6.422523e+00 -4.163082e-03
6.432432e+00 -4.124807e-03
6.442342e+00 -4.086940e-03
6.452252e+00 -4.049478e-03
6.462162e+00 -4.012414e-03
6.472072e+00 -3.975745e-03
6.481982e+00 -3.939466e-03
6.491892e+00 -3.903571e-03
6.501802e+00 -3.868057e-03
6.511712e+00 -3.832918e-03
6.521622e+00 -3.798150e-03
6.531532e+00 -3.763749e-03
6.541441e+00 -3.729710e-03
6.551351e+00 -3.696029e-03
6.561261e+00 -3.662701e-03
6.571171e+00 -3.629723e-03
6.581081e+00 -3.597089e-03
6.590991e+00 -3.564797e-03
6.600901e+00 -3.532842e-03
6.610811e+00 -3.501220e-03
6.620721e+00 -3.469926e-03
6.630631e+00 -3.438958e-03
6.640541e+00 -3.408311e-03
6.650450e+00 -3.377982e-03
6.660360e+00 -3.347966e-03
6.670270e+00 -3.318260e-03
6.680180e+00 -3.288861e-03
6.690090e+00 -3.259764e-03
6.700000e+00 -3.230966e-03
6.709910e+00 -3.202465e-03
6.719820e+00 -3.174255e-03
6.729730e+00 -3.146334e-03
6.739640e+00 -3.118699e-03
6.749550e+00 -3.091345e-03
6.759459e+00 -3.064271e-03
6.769369e+00 -3.037472e-03
6.779279e+00 -3.010945e-03
6.789189e+00 -2.984688e-03
6.799099e+00 -2.958697e-03
6.809009e+00 -2.932968e-03
6.818919e+00 -2.907500e-03
6.828829e+00 -2.882289e-03
6.838739e+00 -2.857331e-03
6.848649e+00 -2.832625e-03
6.858559e+00 -2.808167e-03
6.868468e+00 -2.783955e-03
6.878378e+00 -2.759984e-03
6.888288e+00 -2.736254e-03
6.898198e+00 -2.712761e-03
6.908108e+00 -2.689502e-03
6.918018e+00 -2.666475e-03
6.927928e+00 -2.643677e-03
6.937838e+00 -2.621105e-03
6.947748e+00 -2.598757e-03
6.957658e+00 -2.576630e-03
6.967568e+00 -2.554723e-03
6.977477e+00 -2.533031e-03
6.987387e+00 -2.511554e-03
6.997297e+00 -2.490288e-03
7.007207e+00 -2.469231e-03
7.017117e+00 -2.448381e-03
7.027027e+00 -2.427735e-03
7.036937e+00 -2.407291e-03
7.046847e+00 -2.387048e-03
7.056757e+00 -2.367002e-03
7.066667e+00 -2.347151e-03
7.076577e+00 -2.327494e-03
7.086486e+00 -2.308028e-03
7.096396e+00 -2.288751e-03
7.106306e+00 -2.269660e-03
7.116216e+00 -2.250755e-03
7.126126e+00 -2.232032e-03
7.136036e+00 -2.213490e-03
7.145946e+00 -2.195127e-03
7.155856e+00 -2.176941e-03
7.165766e+00 -2.158929e-03
7.175676e+00 -2.141091e-03
7.185586e+00 -2.123423e-03
7.195495e+00 -2.105925e-03
7.205405e+00 -2.088593e-03
7.215315e+00 -2.071428e-03
7.225225e+00 -2.054426e-03
7.235135e+00 -2.037585e-03
7.245045e+00 -2.020905e-03
7.254955e+00 -2.004383e-03
7.264865e+00 -1.988018e-03
7.274775e+00 -1.971807e-03
7.284685e+00 -1.955750e-03
7.294595e+00 -1.939845e-03
7.304505e+00 -1.924089e-03
7.314414e+00 -1.908482e-03
7.324324e+00 -1.893021e-03
7.334234e+00 -1.877705e-03
7.344144e+00 -1.862533e-03
7.354054e+00 -1.847503e-03
7.363964e+00 -1.832614e-03
7.373874e+00 -1.817863e-03
7.383784e+00 -1.803250e-03
7.393694e+00 -1.788773e-03
7.403604e+00 -1.774431e-03
7.413514e+00 -1.760221e-03
7.423423e+00 -1.746143e-03
7.433333e+00 -1.732196e-03
7.443243e+00 -1.718377e-03
7.453153e+00 -1.704686e-03
7.463063e+00 -1.691121e-03
7.472973e+00 -1.677681e-03
7.482883e+00 -1.664364e-03
7.492793e+00 -1.651170e-03
7.502703e+00 -1.638097e-03
7.512613e+00 -1.625143e-03
7.522523e+00 -1.612307e-03
7.532432e+00 -1.599588e-03
7.542342e+00 -1.586986e-03
7.552252e+00 -1.574498e-03
7.562162e+00 -1.562123e-03
7.572072e+00 -1.549861e-03
7.581982e+00 -1.537710e-03
7.591892e+00 -1.525668e-03
7.601802e+00 -1.513736e-03
7.611712e+00 -1.501911e-03
7.621622e+00 -1.490192e-03
7.631532e+00 -1.478579e-03
7.641441e+00 -1.467070e-03
7.651351e+00 -1.455664e-03
7.661261e+00 -1.444360e-03
7.671171e+00 -1.433158e-03
7.681081e+00 -1.422055e-03
7.690991e+00 -1.411051e-03
7.700901e+00 -1.400145e-03
7.710811e+00 -1.389336e-03
7.720721e+00 -1.378623e-03
7.730631e+00 -1.368005e-03
7.740541e+00 -1.357480e-03
7.750450e+00 -1.347049e-03
7.760360e+00 -1.336709e-03
7.770270e+00 -1.326461e-03
7.780180e+00 -1.316302e-03
7.790090e+00 -1.306233e-03
7.800000e+00 -1.296252e-03
7.809910e+00 -1.286358e-03
7.819820e+00 -1.276551e-03
7.829730e+00 -1.266829e-03
7.839640e+00 -1.257191e-03
7.849550e+00 -1.247637e-03
7.859459e+00 -1.238167e-03
7.869369e+00 -1.228778e-03
7.879279e+00 -1.219470e-03
7.889189e+00 -1.210243e-03
7.899099e+00 -1.201095e-03
7.909009e+00 -1.192026e-03
7.918919e+00 -1.183035e-03
7.928829e+00 -1.174120e-03
7.938739e+00 -1.165282e-03
7.948649e+00 -1.156520e-03
7.958559e+00 -1.147832e-03
7.968468e+00 -1.139218e-03
7.978378e+00 -1.130677e-03
7.988288e+00 -1.122208e-03
7.998198e+00 -1.113811e-03
8.008108e+00 -1.105485e-03
8.018018e+00 -1.097230e-03
8.027928e+00 -1.089043e-03
8.037838e+00 -1.080925e-03
8.047748e+00 -1.072875e-03
8.057658e+00 -1.064893e-03
8.067568e+00 -1.056977e-03
8.077477e+00 -1.049127e-03
8.087387e+00 -1.041342e-03
8.097297e+00 -1.033621e-03
8.107207e+00 -1.025965e-03
8.117117e+00 -1.018371e-03
8.127027e+00 -1.010840e-03
8.136937e+00 -1.003370e-03
8.146847e+00 -9.959622e-04
8.156757e+00 -9.886145e-04
8.166667e+00 -9.813265e-04
8.176577e+00 -9.740978e-04
8.186486e+00 -9.669275e-04
8.196396e+00 -9.598152e-04
8.206306e+00 -9.527602e-04
8.216216e+00 -9.457618e-04
8.226126e+00 -9.388195e-04
8.236036e+00 -9.319326e-04
8.245946e+00 -9.251005e-04
8.255856e+00 -9.183225e-04
8.265766e+00 -9.115982e-04
8.275676e+00 -9.049268e-04
8.285586e+00 -8.983078e-04
8.295495e+00 -8.917406e-04
8.305405e+00 -8.852246e-04
8.315315e+00 -8.787592e-04
8.325225e+00 -8.723438e-04
8.335135e+00 -8.659779e-04
8.345045e+00 -8.596607e-04
8.354955e+00 -8.533918e-04
8.364865e+00 -8.471706e-04
8.374775e+00 -8.409965e-04
8.384685e+00 -8.348689e-04
8.394595e+00 -8.287872e-04
8.404505e+00 -8.227509e-04
8.414414e+00 -8.167594e-04
8.424324e+00 -8.108120e-04
8.434234e+00 -8.049083e-04
8.444144e+00 -7.990476e-04
8.454054e+00 -7.932294e-04
8.463964e+00 -7.874531e-04
8.473874e+00 -7.817181e-04
8.483784e+00 -7.760238e-04
8.493694e+00 -7.703697e-04
8.503604e+00 -7.647551e-04
8.513514e+00 -7.591795e-04
8.523423e+00 -7.536422e-04
8.533333e+00 -7.481428e-04
8.543243e+00 -7.426805e-04
8.553153e+00 -7.372547e-04
8.563063e+00 -7.318650e-04
8.572973e+00 -7.265106e-04
8.582883e+00 -7.211909e-04
8.592793e+00 -7.159053e-04
8.602703e+00 -7.106531e-04
8.612613e+00 -7.054338e-04
8.622523e+00 -7.002467e-04
8.632432e+00 -6.950911e-04
8.642342e+00 -6.899663e-04
8.652252e+00 -6.848717e-04
8.662162e+00 -6.798066e-04
8.672072e+00 -6.747703e-04
8.681982e+00 -6.697620e-04
8.691892e+00 -6.647810e-04
8.701802e+00 -6.598267e-04
8.711712e+00 -6.548982e-04
8.721622e+00 -6.499948e-04
8.731532e+00 -6.451156e-04
8.741441e+00 -6.402599e-04
8.751351e+00 -6.354269e-04
8.761261e+00 -6.306156e-04
8.771171e+00 -6.258253e-04
8.781081e+00 -6.210550e-04
8.790991e+00 -6.163037e-04
8.800901e+00 -6.115707e-04
8.810811e+00 -6.068548e-04
8.820721e+00 -6.021551e-04
8.830631e+00 -5.974705e-04
8.840541e+00 -5.927999e-04
8.850450e+00 -5.881424e-04
8.860360e+00 -5.834966e-04
8.870270e+00 -5.788614e-04
8.880180e+00 -5.742357e-04
8.890090e+00 -5.696180e-04
8.900000e+00 -5.650071e-04
8.909910e+00 -5.604017e-04
8.919820e+00 -5.558003e-04
8.929730e+00 -5.512013e-04
8.939640e+00 -5.466034e-04
8.949550e+00 -5.420048e-04
8.959459e+00 -5.374040e-04
8.969369e+00 -5.327991e-04
8.979279e+00 -5.281883e-04
8.989189e+00 -5.235698e-04
8.999099e+00 -5.189417e-04
9.009009e+00 -5.143017e-04
9.018919e+00 -5.096479e-04
9.028829e+00 -5.049779e-04
9.038739e+00 -5.002895e-04
9.048649e+00 -4.955801e-04
9.058559e+00 -4.908473e-04
9.068468e+00 -4.860884e-04
9.078378e+00 -4.813006e-04
9.088288e+00 -4.764810e-04
9.098198e+00 -4.716267e-04
9.108108e+00 -4.667344e-04
9.118018e+00 -4.618009e-04
9.127928e+00 -4.568227e-04
9.137838e+00 -4.517964e-04
9.147748e+00 -4.467182e-04
9.157658e+00 -4.415843e-04
9.167568e+00 -4.363907e-04
9.177477e+00 -4.311333e-04
9.187387e+00 -4.258077e-04
9.197297e+00 -4.204097e-04
9.207207e+00 -4.149347e-04
9.217117e+00 -4.093779e-04
9.227027e+00 -4.037347e-04
9.236937e+00 -3.980001e-04
9.246847e+00 -3.921692e-04
9.256757e+00 -3.862369e-04
9.266667e+00 -3.801982e-04
9.276577e+00 -3.740479e-04
9.286486e+00 -3.677810e-04
9.296396e+00 -3.613926e-04
9.306306e+00 -3.548776e-04
9.316216e+00 -3.482314e-04
9.326126e+00 -3.414495e-04
9.336036e+00 -3.345277e-04
9.345946e+00 -3.274621e-04
9.355856e+00 -3.202495e-04
9.365766e+00 -3.128870e-04
9.375676e+00 -3.053725e-04
9.385586e+00 -2.977048e-04
9.395495e+00 -2.898835e-04
9.405405e+00 -2.819092e-04
9.415315e+00 -2.737837e-04
9.425225e+00 -2.655103e-04
9.435135e+00 -2.570937e-04
9.445045e+00 -2.485401e-04
9.454955e+00 -2.398576e-04
9.464865e+00 -2.310561e-04
9.474775e+00 -2.221474e-04
9.484685e+00 -2.131456e-04
9.494595e+00 -2.040666e-04
9.504505e+00 -1.949286e-04
9.514414e+00 -1.857520e-04
9.524324e+00 -1.765591e-04
9.534234e+00 -1.673741e-04
9.544144e+00 -1.582231e-04
9.554054e+00 -1.491334e-04
9.563964e+00 -1.401337e-04
9.573874e+00 -1.312537e-04
9.583784e+00 -1.225232e-04
9.593694e+00 -1.139723e-04
9.603604e+00 -1.056305e-04
9.613514e+00 -9.752642e-05
9.623423e+00 -8.968726e-05
9.633333e+00 -8.213828e-05
9.643243e+00 -7.490240e-05
9.653153e+00 -6.799980e-05
9.663063e+00 -6.144758e-05
9.672973e+00 -5.525948e-05
9.682883e+00 -4.944570e-05
9.692793e+00 -4.401281e-05
9.702703e+00 -3.896371e-05
9.712613e+00 -3.429774e-05
9.722523e+00 -3.001078e-05
9.732432e+00 -2.609551e-05
9.742342e+00 -2.254166e-05
9.752252e+00 -1.933633e-05
9.762162e+00 -1.646438e-05
9.772072e+00 -1.390879e-05
9.781982e+00 -1.165102e-05
9.791892e+00 -9.671425e-06
9.801802e+00 -7.949599e-06
9.811712e+00 -6.464734e-06
9.821622e+00 -5.195927e-06
9.831532e+00 -4.122468e-06
9.841441e+00 -3.224091e-06
9.851351e+00 -2.481189e-06
9.861261e+00 -1.874992e-06
9.871171e+00 -1.387715e-06
9.881081e+00 -1.002673e-06
9.890991e+00 -7.043695e-07
9.900901e+00 -4.785540e-07
9.910811e+00 -3.122658e-07
9.920721e+00 -1.938543e-07
9.930631e+00 -1.129848e-07
9.940541e+00 -6.063286e-08
9.950450e+00 -2.906912e-08
9.960360e+00 -1.183649e-08
9.970270e+00 -3.722965e-09
9.980180e+00 -7.310380e-10
9.990090e+00 -4.541875e-11
1.000000e+01 -4.850422e-54
