0 0.520011 2.28088 0.185539
1 0.523019 2.28163 0.36608
2 0.531189 2.27634 0.640747
3 0.524346 2.28343 1.21674
4 0.520052 2.28372 0.8216
5 0.528604 2.27915 0.286103
6 0.532561 2.27937 0.517247
7 0.518574 2.27979 0.340406
8 0.510806 2.28133 0.456374
9 0.503771 2.2836 0.466809
10 0.503877 2.28402 0.402119
11 0.501744 2.287 0.661911
12 0.504377 2.28212 0.81136
13 0.502836 2.28313 0.646529
14 0.501657 2.28359 0.63627
15 0.515451 2.28365 0.411569
16 0.532816 2.27761 0.385558
17 0.534043 2.27929 0.61751
18 0.528807 2.27842 0.300629
19 0.523443 2.28058 0.22691
20 0.523538 2.28037 0.21592
21 0.516587 2.28101 0.219338
22 0.517495 2.2804 0.270626
23 0.509072 2.2831 0.265638
24 0.506977 2.28693 0.975462
25 0.511934 2.28471 0.502609
26 0.514095 2.28311 0.250436
27 0.504513 2.28619 0.552518
28 0.500011 2.28673 0.566092
29 0.505682 2.28381 0.338326
30 0.505965 2.2857 0.484908
31 0.507159 2.28557 0.497258
32 0.50758 2.28222 0.477469
33 0.521617 2.28025 0.198931
34 0.526758 2.2775 0.5078
35 0.532068 2.27738 0.400458
36 0.521305 2.2825 0.478681
37 0.519334 2.28362 0.702778
38 0.522185 2.28026 0.198476
39 0.509122 2.28215 0.384304
40 0.508825 2.28508 0.446629
41 0.518823 2.27896 0.554852
42 0.525593 2.27849 0.327796
43 0.534047 2.27651 0.515539
44 0.546173 2.27579 0.9388
45 0.528407 2.2797 0.321331
46 0.524415 2.28106 0.330374
47 0.530039 2.27821 0.321223
48 0.522168 2.28018 0.200514
49 0.526714 2.27914 0.25209
50 0.531248 2.27816 0.339294
51 0.527853 2.27827 0.318763
52 0.525676 2.27929 0.240326
53 0.525593 2.27854 0.319525
54 0.533868 2.27793 0.409126
55 0.531841 2.27768 0.370476
56 0.525065 2.27953 0.228814
57 0.513126 2.28105 0.365251
58 0.509948 2.2838 0.264393
59 0.515511 2.28144 0.207087
60 0.534102 2.27866 0.491821
61 0.516038 2.28181 0.185929
62 0.519951 2.28036 0.207981
63 0.529769 2.27902 0.315757
64 0.534676 2.27705 0.446886
65 0.516109 2.28138 0.199237
66 0.512237 2.28207 0.24449
67 0.519986 2.28087 0.185486
68 0.521895 2.28016 0.201897
69 0.529795 2.27743 0.417765
70 0.527054 2.2774 0.522179
71 0.535775 2.27647 0.513523
72 0.511868 2.28396 0.320098
73 0.525945 2.2785 0.316993
74 0.525086 2.28144 0.460153
75 0.522187 2.27897 0.35202
76 0.521642 2.27972 0.24114
77 0.519184 2.28067 0.196039
78 0.518392 2.28314 0.456218
79 0.519614 2.28133 0.193772
80 0.522172 2.28133 0.266116
81 0.531652 2.27686 0.488963
82 0.52172 2.27943 0.281569
83 0.533014 2.28035 0.856461
84 0.529509 2.27663 0.631394
85 0.524625 2.27942 0.233056
86 0.519198 2.28102 0.183521
87 0.508678 2.28284 0.301339
88 0.512465 2.2834 0.252178
89 0.507217 2.28212 0.532396
90 0.52065 2.28157 0.242071
91 0.522229 2.2808 0.211864
92 0.520602 2.28019 0.212422
93 0.520309 2.28095 0.187974
94 0.519703 2.28147 0.204645
95 0.516263 2.28313 0.329592
96 0.524295 2.28072 0.270208
97 0.525403 2.27847 0.337099
98 0.511718 2.27933 1.14709
99 0.534 2.27717 0.429694
100 0.516294 2.28054 0.297767
101 0.511653 2.28278 0.219837
102 0.517502 2.2852 1.27771
103 0.517506 2.2816 0.183792
104 0.510384 2.28134 0.485095
105 0.506004 2.28617 0.61214
106 0.512566 2.28445 0.46452
107 0.516009 2.28103 0.234555
108 0.523519 2.27927 0.259345
109 0.52295 2.2788 0.355623
110 0.528825 2.27927 0.299091
111 0.535839 2.27693 0.473599
112 0.519349 2.27951 0.363644
113 0.523251 2.28159 0.370849
114 0.523674 2.28113 0.303688
115 0.519182 2.28206 0.257411
116 0.523382 2.28077 0.241411
117 0.539368 2.2776 0.687224
118 0.531399 2.28025 0.650587
119 0.529657 2.27945 0.350343
120 0.534623 2.27855 0.507341
121 0.527742 2.27907 0.266072
122 0.513381 2.28387 0.360158
123 0.513816 2.28323 0.259282
124 0.509701 2.28311 0.249043
125 0.523615 2.27882 0.327448
126 0.535778 2.27662 0.49692
127 0.504324 2.28353 0.441363
128 0.505904 2.2854 0.422041
129 0.503802 2.2857 0.438339
130 0.503137 2.28435 0.406713
131 0.501979 2.28434 0.470195
132 0.521232 2.28008 0.212393
133 0.524463 2.28054 0.255039
134 0.521064 2.27944 0.30222
135 0.52742 2.27872 0.276972
136 0.530634 2.27888 0.338315
137 0.513744 2.28482 0.67097
138 0.516558 2.28129 0.196642
139 0.515043 2.28167 0.201597
140 0.51761 2.27921 0.565618
141 0.522721 2.27813 0.550023
142 0.530026 2.27923 0.342777
143 0.520897 2.279 0.406813
144 0.515566 2.28325 0.324195
145 0.520489 2.28194 0.293011
146 0.523836 2.28082 0.26429
147 0.528867 2.27691 0.578091
148 0.535177 2.27694 0.461322
149 0.536622 2.2767 0.501652
150 0.523 2.28235 0.569781
151 0.522121 2.28085 0.212913
152 0.524797 2.28026 0.24066
153 0.509102 2.28314 0.26272
154 0.510056 2.28382 0.266764
155 0.528177 2.27921 0.276919
156 0.512643 2.28163 0.283727
157 0.517448 2.28062 0.239688
158 0.510793 2.28469 0.436294
159 0.51259 2.28317 0.23202
160 0.517323 2.28261 0.276073
161 0.514568 2.28167 0.211731
162 0.514724 2.28147 0.225438
163 0.513032 2.28467 0.563178
164 0.506626 2.28322 0.353949
165 0.510202 2.2803 0.871584
166 0.502043 2.28619 0.495323
167 0.501519 2.28161 1.43641
168 0.519552 2.28026 0.225775
169 0.526473 2.27927 0.246604
170 0.516346 2.28173 0.184897
171 0.522065 2.27946 0.266398
172 0.52158 2.27784 0.743554
173 0.519713 2.28167 0.223633
174 0.514752 2.28179 0.200385
175 0.51621 2.28172 0.185531
176 0.517316 2.28157 0.182866
177 0.517129 2.28194 0.194049
178 0.522321 2.27935 0.27518
179 0.522653 2.27964 0.232643
180 0.518025 2.28109 0.187418
181 0.516533 2.28201 0.191904
182 0.506958 2.28397 0.294031
183 0.522347 2.28179 0.362101
184 0.532639 2.27656 0.531681
185 0.521792 2.28214 0.411394
186 0.50972 2.2841 0.292903
187 0.507749 2.28352 0.283994
188 0.507866 2.28391 0.27825
189 0.500174 2.28522 0.48519
190 0.499698 2.28632 0.514311
191 0.49845 2.28656 0.552529
192 0.516938 2.27872 0.816099
193 0.523708 2.27718 0.831873
194 0.524378 2.27875 0.316696
195 0.508795 2.2841 0.284846
196 0.507283 2.28518 0.413477
197 0.512829 2.28175 0.258882
198 0.515001 2.28316 0.283437
199 0.522518 2.27906 0.320285
200 0.518081 2.27978 0.368708
201 0.498011 2.28532 0.599781
202 0.503826 2.28643 0.587657
203 0.49685 2.28678 0.600368
204 0.49591 2.28698 0.636186
205 0.492235 2.28889 0.919902
206 0.506502 2.28584 0.540547
207 0.513866 2.28452 0.570441
208 0.513076 2.28054 0.502225
209 0.505177 2.28245 0.620455
210 0.489125 2.28797 0.957239
211 0.484284 2.28815 1.37509
212 0.495056 2.2888 0.9454
213 0.496658 2.28761 0.696422
214 0.497335 2.28766 0.711477
215 0.498895 2.28775 0.770296
216 0.501041 2.28756 0.801701
217 0.507302 2.28408 0.289949
218 0.519659 2.28248 0.363492
219 0.515877 2.28271 0.243058
220 0.507191 2.28556 0.497008
221 0.51827 2.28221 0.247592
222 0.515388 2.28121 0.232836
223 0.520589 2.28189 0.287982
224 0.528222 2.27834 0.307487
225 0.525303 2.27723 0.683286
226 0.5272 2.2792 0.256926
227 0.520319 2.27936 0.348837
228 0.528416 2.2786 0.287832
229 0.52306 2.2805 0.212399
230 0.530196 2.27831 0.318191
231 0.528424 2.27804 0.342373
232 0.514969 2.2822 0.192224
233 0.513877 2.28242 0.198819
234 0.507383 2.28321 0.31879
235 0.521408 2.2787 0.459059
236 0.520871 2.28147 0.236417
237 0.515732 2.28117 0.226405
238 0.514988 2.28314 0.280347
239 0.509683 2.28118 0.593668
240 0.5164 2.28202 0.191293
241 0.523524 2.27777 0.615542
242 0.515244 2.28014 0.455371
243 0.516406 2.28233 0.212369
244 0.512514 2.28192 0.250993
245 0.519243 2.28183 0.228028
246 0.513619 2.28252 0.201541
247 0.506733 2.28468 0.331142
248 0.529264 2.27911 0.304383
249 0.528545 2.27979 0.339736
250 0.517054 2.28025 0.318827
251 0.512583 2.28444 0.463035
252 0.524981 2.27945 0.231331
253 0.526355 2.28019 0.289779
254 0.515583 2.28023 0.405898
255 0.521567 2.27885 0.409694
256 0.51509 2.28194 0.190945
257 0.500684 2.28658 0.546708
258 0.516229 2.28311 0.323968
259 0.512265 2.28407 0.355904
260 0.501185 2.28593 0.464668
261 0.505457 2.2849 0.350222
262 0.510663 2.28421 0.328204
263 0.516024 2.28221 0.197842
264 0.523416 2.28206 0.511388
265 0.528692 2.27942 0.305307
266 0.515211 2.2825 0.207828
267 0.51382 2.28388 0.381608
268 0.513315 2.28371 0.323412
269 0.511148 2.2838 0.278071
270 0.513327 2.28359 0.302091
271 0.530115 2.27996 0.467303
272 0.528872 2.27984 0.364733
273 0.517804 2.28201 0.210384
274 0.52511 2.28007 0.236678
275 0.512882 2.28438 0.463914
276 0.515341 2.28013 0.450659
277 0.523095 2.27825 0.489399
278 0.50247 2.28453 0.424428
279 0.50001 2.28468 0.550412
280 0.51065 2.28156 0.409424
281 0.508683 2.28209 0.4265
282 0.504805 2.28404 0.357268
283 0.503074 2.28315 0.619748
284 0.509565 2.28342 0.247987
285 0.51233 2.28374 0.296864
286 0.510607 2.28155 0.414753
287 0.506019 2.28462 0.327323
288 0.511203 2.28406 0.31868
289 0.510972 2.28367 0.260442
290 0.508268 2.28191 0.500315
291 0.500528 2.2855 0.461609
292 0.503236 2.28407 0.430049
293 0.515486 2.28052 0.343484
294 0.509232 2.28459 0.355855
295 0.502538 2.2852 0.402925
296 0.511774 2.28467 0.482205
297 0.504596 2.28325 0.473247
298 0.501004 2.28684 0.601182
299 0.518935 2.28004 0.275818
300 0.531651 2.27744 0.394039
301 0.534607 2.27753 0.426712
302 0.537139 2.27814 0.613606
303 0.523643 2.27992 0.211298
304 0.515754 2.28334 0.350775
305 0.531066 2.27812 0.337488
306 0.527397 2.27886 0.268104
307 0.518794 2.281 0.185002
308 0.52192 2.27979 0.228216
309 0.523027 2.27979 0.216337
310 0.516266 2.2821 0.193745
311 0.51205 2.28227 0.23371
312 0.517956 2.28045 0.246758
313 0.51679 2.28095 0.220668
314 0.520072 2.27966 0.298417
315 0.513172 2.28445 0.499974
316 0.511031 2.2825 0.246563
317 0.526266 2.27827 0.34812
318 0.526101 2.28068 0.352843
319 0.524483 2.28051 0.253243
320 0.521581 2.28143 0.257254
321 0.507142 2.28442 0.308457
322 0.514214 2.2838 0.383265
323 0.513758 2.28311 0.243426
324 0.515534 2.28355 0.389588
325 0.519341 2.28353 0.669865
326 0.507686 2.28523 0.437269
327 0.5043 2.28499 0.364946
328 0.504268 2.28355 0.442708
329 0.50578 2.28427 0.31907
330 0.499453 2.2852 0.523332
331 0.510678 2.28509 0.544562
332 0.502789 2.28691 0.68003
333 0.512418 2.28578 0.964733
334 0.504735 2.28492 0.356018
335 0.511349 2.28169 0.340371
336 0.506809 2.283 0.374749
337 0.506779 2.28603 0.611127
338 0.513345 2.28405 0.401198
339 0.51342 2.28334 0.264604
340 0.504524 2.28609 0.52725
341 0.498902 2.28593 0.515901
342 0.513674 2.28058 0.444359
343 0.526149 2.27949 0.240691
344 0.528796 2.27808 0.333415
345 0.523365 2.28126 0.311622
346 0.518506 2.28146 0.186037
347 0.503966 2.28359 0.454938
348 0.504919 2.28307 0.486221
349 0.508094 2.28222 0.438327
350 0.501289 2.28549 0.439259
351 0.519809 2.2796 0.322715
352 0.512569 2.2818 0.263245
353 0.510329 2.28264 0.25802
354 0.504373 2.28475 0.353949
355 0.515936 2.28193 0.186947
356 0.514783 2.28153 0.218208
357 0.529031 2.28047 0.508757
358 0.536056 2.27815 0.539721
359 0.536508 2.27639 0.527877
360 0.535546 2.27749 0.456958
361 0.535022 2.27714 0.446677
362 0.535452 2.27876 0.609661
363 0.527293 2.27942 0.262103
364 0.514987 2.2812 0.24786
365 0.515916 2.28222 0.19716
366 0.509762 2.28367 0.254729
367 0.511767 2.28201 0.269737
368 0.515048 2.27964 0.632985
369 0.519856 2.28261 0.406816
370 0.506853 2.28362 0.30724
371 0.517655 2.28387 0.644559
372 0.512238 2.28 0.769766
373 0.514113 2.27995 0.606056
374 0.525033 2.28109 0.371657
375 0.516076 2.28117 0.216977
376 0.528716 2.27902 0.28525
377 0.529718 2.27875 0.304441
378 0.51727 2.28167 0.184252
379 0.526434 2.27954 0.246307
380 0.526536 2.27948 0.247228
381 0.522892 2.28109 0.262297
382 0.51075 2.28253 0.25292
383 0.524017 2.27926 0.252019
384 0.525673 2.27929 0.240646
385 0.535118 2.27705 0.453265
386 0.521157 2.28123 0.219564
387 0.523504 2.27879 0.336406
388 0.513002 2.28514 0.735626
389 0.518323 2.28242 0.282629
390 0.521924 2.28068 0.199828
391 0.525189 2.28179 0.575825
392 0.515361 2.28028 0.409842
393 0.504313 2.28182 0.938325
394 0.503579 2.28784 1.09268
395 0.513261 2.28112 0.343424
396 0.502302 2.28618 0.496341
397 0.512407 2.28303 0.221075
398 0.508884 2.28343 0.259056
399 0.513694 2.28245 0.199977
400 0.521868 2.27964 0.246189
401 0.522806 2.28121 0.27657
402 0.510095 2.28298 0.244172
403 0.507144 2.28257 0.430865
404 0.516403 2.28007 0.396916
405 0.50438 2.28468 0.352575
406 0.519375 2.27878 0.5741
407 0.522472 2.27968 0.231147
408 0.522196 2.27942 0.268915
409 0.527346 2.27883 0.269695
410 0.523683 2.27918 0.266994
411 0.522664 2.27937 0.263939
412 0.513209 2.28248 0.203565
413 0.508017 2.28334 0.284995
414 0.504694 2.28425 0.350083
415 0.504302 2.28532 0.392055
416 0.503179 2.28552 0.413953
417 0.50625 2.28401 0.310099
418 0.519661 2.2821 0.284397
419 0.516308 2.28235 0.212746
420 0.523135 2.28016 0.205159
421 0.513857 2.28249 0.200089
422 0.521941 2.27912 0.330758
423 0.530897 2.2782 0.33206
424 0.520785 2.28044 0.19444
425 0.528804 2.279 0.2869
426 0.52437 2.27893 0.287751
427 0.510345 2.28293 0.24059
428 0.512834 2.28166 0.271539
429 0.537942 2.27726 0.551501
430 0.530745 2.27786 0.350482
431 0.53232 2.27854 0.381675
432 0.519215 2.28115 0.183782
433 0.521913 2.27915 0.325081
434 0.521512 2.27981 0.233812
435 0.525683 2.28106 0.407879
436 0.523525 2.28294 0.859045
437 0.528958 2.27829 0.310432
438 0.529797 2.27917 0.327641
439 0.531696 2.27696 0.467903
440 0.533295 2.27593 0.67236
441 0.535244 2.27649 0.511242
442 0.534387 2.27803 0.434953
443 0.539034 2.27507 0.747877
444 0.535713 2.27664 0.493851
445 0.524597 2.27796 0.487218
446 0.526121 2.27961 0.241725
447 0.523254 2.27884 0.335148
448 0.520687 2.28292 0.56505
449 0.511808 2.28374 0.283353
450 0.520525 2.2811 0.195849
451 0.523777 2.27907 0.279905
452 0.491708 2.28568 1.12008
453 0.488476 2.28724 1.10209
454 0.48674 2.29097 1.38406
455 0.490733 2.28848 0.884515
456 0.498026 2.28628 0.548568
457 0.497788 2.28596 0.560494
458 0.516196 2.28225 0.202536
459 0.515996 2.28123 0.213539
460 0.518753 2.28019 0.258483
461 0.523712 2.28065 0.240462
462 0.516737 2.28211 0.199901
463 0.510157 2.28355 0.247941
464 0.516285 2.28469 0.859102
465 0.507967 2.28536 0.478348
466 0.496928 2.28512 0.713453
467 0.502918 2.28616 0.50227
468 0.504563 2.28615 0.544375
469 0.516957 2.28256 0.254081
470 0.52125 2.28111 0.211739
471 0.513895 2.28178 0.220698
472 0.513915 2.283 0.233804
473 0.512985 2.28325 0.244235
474 0.512562 2.28298 0.2184
475 0.522416 2.27978 0.222536
476 0.522962 2.28125 0.289899
477 0.525925 2.28176 0.634023
478 0.531509 2.27947 0.462537
479 0.530654 2.28013 0.550561
480 0.542911 2.27575 0.732638
481 0.540276 2.27543 0.678552
482 0.549368 2.27501 1.09676
483 0.535725 2.27749 0.463783
484 0.527975 2.27963 0.296264
485 0.521741 2.28203 0.37994
486 0.527677 2.27775 0.409314
487 0.523652 2.28059 0.233437
488 0.534201 2.27731 0.423388
489 0.517055 2.27994 0.388904
490 0.529407 2.27854 0.299965
491 0.526018 2.27988 0.250318
492 0.526332 2.27906 0.253889
493 0.548637 2.27348 1.08527
494 0.550169 2.27479 1.13684
495 0.527272 2.28226 0.994874
496 0.531562 2.27729 0.414617
497 0.532162 2.27968 0.558998
498 0.523607 2.27765 0.654249
499 0.522792 2.28315 0.871769
500 0.501297 2.28455 0.484892
501 0.512959 2.2838 0.327369
