0.49791484	2.00000000	5.00000000	1055
0.49791484	2.00000000	4.97396978	1054
0.47478153	2.00000000	4.97396978	1053
0.47478153	1.91689370	4.97396978	1052
0.43009196	1.91689370	4.97396978	1051
0.43009196	1.85436254	4.97396978	1050
0.43009196	1.85436254	4.97396978	1049
0.35296020	1.85436254	4.97396978	1048
0.35296020	1.85436254	4.88355552	1047
0.35296020	1.85436254	4.88355552	1046
0.35296020	1.85436254	4.88355552	1045
0.35296020	1.85436254	4.88355552	1044
0.26578673	1.85436254	4.88355552	1043
0.26578673	1.85436254	4.88355552	1042
0.26578673	1.85436254	4.78438239	1041
0.26578673	1.85436254	4.78438239	1040
0.26578673	1.85436254	4.71902921	1039
0.26578673	1.85436254	4.71902921	1038
0.26578673	1.85436254	4.70140108	1037
0.16986898	1.85436254	4.70140108	1036
0.16986898	1.85436254	4.68876900	1035
0.08021864	1.85436254	4.68876900	1034
0.08021864	1.85436254	4.60880494	1033
0.08021864	1.85436254	4.56979694	1032
0.08021864	1.77311375	4.56979694	1031
0.08021864	1.77311375	4.56979694	1030
0.08021864	1.71313359	4.56979694	1029
0.03515615	1.71313359	4.56979694	1028
0.03515615	1.67280887	4.56979694	1027
0.03515615	1.67280887	4.56979694	1026
0.03515615	1.67280887	4.56979694	1025
0.03515615	1.67280887	4.56979694	1024
0.03515615	1.67280887	4.56979694	1023
0.00313314	1.67280887	4.56979694	1022
0.00313314	1.63374710	4.56979694	1021
0.00313314	1.63374710	4.55357249	1020
0.00313314	1.63374710	4.55357249	1019
0.00313314	1.57885959	4.55357249	1018
0.00313314	1.57885959	4.51249404	1017
0.00313314	1.57885959	4.51249404	1016
0.00313314	1.57885959	4.45281324	1015
0.00313314	1.57885959	4.45281324	1014
0.00313314	1.57806593	4.45281324	1013
0.00313314	1.57806593	4.44839187	1012
0.00313314	1.57806593	4.44839187	1011
0.00313314	1.55237023	4.44839187	1010
0.00313314	1.49919809	4.44839187	1009
0.00313314	1.49919809	4.41114974	1008
0.00313314	1.48307999	4.41114974	1007
0.00313314	1.48307999	4.40238488	1006
0.00313314	1.48307999	4.40238488	1005
0.00313314	1.47492379	4.40238488	1004
0.00313314	1.46751398	4.40238488	1003
0.00313314	1.46751398	4.40238488	1002
0.00313314	1.44210266	4.40238488	1001
0.00313314	1.44210266	4.40238488	1000
0.00313314	1.42513891	4.40238488	999
0.00313314	1.39135226	4.40238488	998
0.00313314	1.39135226	4.40238488	997
0.00313314	1.33585008	4.40238488	996
0.00313314	1.33585008	4.32564202	995
0.00313314	1.33585008	4.32564202	994
0.00313314	1.28987879	4.32564202	993
0.00313314	1.28987879	4.28576276	992
0.00313314	1.28987879	4.27249641	991
0.00313314	1.28987879	4.27249641	990
0.00313314	1.28987879	4.27249641	989
0.00313314	1.25186915	4.27249641	988
0.00313314	1.25186915	4.26005057	987
0.00313314	1.25186915	4.26005057	986
0.00236909	1.25186915	4.26005057	985
0.00236909	1.25186915	4.17714180	984
0.00236909	1.22970841	4.17714180	983
0.00236909	1.22970841	4.08881178	982
0.00236909	1.22970841	4.08881178	981
0.00236909	1.22970841	4.08881178	980
0.00236909	1.22970841	4.00591142	979
0.00236909	1.22970841	4.00591142	978
0.00236909	1.16778287	4.00591142	977
0.00236909	1.16778287	3.99307186	976
0.00236909	1.18624380	3.93138599	975
0.00236909	1.18624380	3.93138599	974
0.00236909	1.18624380	3.93138599	973
0.00236909	1.18928685	3.85789906	972
0.00158864	1.18928685	3.85789906	971
0.00158864	1.12712307	3.85789906	970
0.00158864	1.12712307	3.84681549	969
0.00158864	1.18360188	3.77193301	968
0.00095570	1.18360188	3.77193301	967
0.00095570	1.12830534	3.77193301	966
0.00095570	1.11448561	3.77994390	965
0.00095570	1.11448561	3.71097621	964
0.00080401	1.11448561	3.71097621	963
0.00080401	1.11448561	3.71097621	962
0.00080401	1.20837490	3.49983764	961
0.00080401	1.20837490	3.49983764	960
0.00042215	1.20837490	3.49983764	959
0.00042215	1.14116333	3.42108419	958
0.00849615	1.14116333	3.42108419	957
0.00849615	1.16604082	3.31620994	956
0.00849615	1.16604082	3.31620994	955
0.02165667	1.16604082	3.31620994	954
0.02165667	1.16604082	3.13047702	953
0.02165667	1.12181395	3.13047702	952
0.02165667	1.12181395	3.08079465	951
0.02165667	1.12181395	3.08079465	950
0.02495595	1.12181395	3.08079465	949
0.02495595	1.12350765	2.97837378	948
0.02731063	1.12350765	2.97837378	947
0.02731063	1.06460366	2.97837378	946
0.02731063	1.06460366	2.97837378	945
0.03131222	1.06460366	2.97837378	944
0.03131222	1.01662982	2.97837378	943
0.04050531	1.01662982	2.85779570	942
0.04050531	1.01662982	2.88259909	941
0.04050531	1.01662982	2.88259909	940
0.04656130	1.01662982	2.88259909	939
0.04656130	0.99313378	2.88259909	938
0.04656130	0.99313378	3.04604507	937
0.04832733	0.99313378	3.04604507	936
0.04832733	0.97374321	3.04604507	935
0.04832733	0.97374321	2.96018939	934
0.04832733	0.97374321	2.96018939	933
0.05068223	0.97374321	2.96018939	932
0.05068223	0.93768305	2.96018939	931
0.05068223	0.93768305	2.96018939	930
0.05702620	0.93768305	2.96018939	929
0.05702620	0.92024706	2.96018939	928
0.06690495	0.92024706	2.80773634	927
0.06690495	0.92024706	2.80773634	926
0.06690495	0.92024706	2.90542246	925
0.06690495	0.92024706	2.90542246	924
0.08242886	0.92024706	2.90542246	923
0.08242886	0.86182833	2.90542246	922
0.08242886	0.86182833	2.90542246	921
0.08242886	0.81043074	2.90542246	920
0.08242886	0.81043074	2.90542246	919
0.08434962	0.81043074	2.90542246	918
0.08434962	0.81043074	3.14946658	917
0.08434962	0.81043074	3.14946658	916
0.10096609	0.81043074	3.14946658	915
0.10096609	0.73445645	3.14946658	914
0.11033079	0.73445645	3.14946658	913
0.11033079	0.73445645	3.31341632	912
0.11891673	0.73445645	3.31341632	911
0.11891673	0.64236300	3.31341632	910
0.12462432	0.58559035	3.15169195	909
0.12462432	0.58559035	3.15169195	908
0.13847578	0.63671219	3.03013671	907
0.13799793	0.68133651	3.26060621	906
0.14265794	0.70030842	3.55332035	905
0.14237195	0.73073839	3.46183861	904
0.14237195	0.73073839	3.46183861	903
0.16733684	0.78741163	3.23556675	902
0.16733684	0.78741163	3.23556675	901
0.16733684	0.78741163	3.23556675	900
0.16733684	0.79586290	3.36713139	899
0.18945777	0.82532209	3.16522818	898
0.18945777	0.82532209	3.45439594	897
0.18945777	0.82532209	3.45439594	896
0.20137940	0.82532209	3.45439594	895
0.20450507	0.84043764	3.45439594	894
0.20450507	0.84043764	3.45439594	893
0.20450507	0.84043764	3.45439594	892
0.21068582	0.89486068	3.17951099	891
0.21921010	0.89486068	3.17951099	890
0.21921010	0.90274354	3.17951099	889
0.22591181	0.90274354	3.17951099	888
0.22591181	0.90274354	3.17951099	887
0.22591181	0.90315471	3.17951099	886
0.22591181	0.90315471	3.29072625	885
0.22591181	0.90315471	3.29072625	884
0.23345255	0.91780066	3.29072625	883
0.23345255	0.92845350	3.29072625	882
0.23345255	0.92845350	3.29072625	881
0.24755956	0.92886217	3.31021464	880
0.24755956	0.92886217	3.31021464	879
0.25529857	0.93221592	3.31021464	878
0.25529857	0.92455412	3.31021464	877
0.26745769	0.92455412	3.31021464	876
0.26745769	0.92455412	3.31021464	875
0.26628033	0.97500362	3.31021464	874
0.27284470	0.97500362	3.31021464	873
0.27284470	0.97415167	3.31021464	872
0.27284470	0.97415167	3.31021464	871
0.29148135	0.97415167	3.31021464	870
0.29148135	0.97415167	3.31021464	869
0.29148135	0.97415167	3.31021464	868
0.29148135	0.98974354	3.20642027	867
0.29148135	1.01773485	3.20642027	866
0.29148135	1.01773485	3.18279349	865
0.29148135	1.03167177	3.18279349	864
0.32545846	1.10452306	3.05402132	863
0.32653154	1.14369482	3.05402132	862
0.32653154	1.14369482	3.05402132	861
0.34876726	1.15651107	3.00914337	860
0.34876726	1.17830143	2.98868055	859
0.34876726	1.17830143	2.98868055	858
0.39778999	1.19002824	2.98868055	857
0.39391749	1.19002824	2.98868055	856
0.39391749	1.23362778	2.98868055	855
0.41850299	1.31181160	2.94859842	854
0.41850299	1.38666395	2.86055505	853
0.41850299	1.38666395	2.86055505	852
0.44672240	1.38666395	2.86055505	851
0.44672240	1.38722384	2.86055505	850
0.44672240	1.42386259	2.86055505	849
0.48753928	1.60260033	2.70942736	848
0.48753928	1.60260033	2.70942736	847
0.49139961	1.49324612	2.83135415	846
0.49139961	1.49324612	2.83135415	845
0.49139961	1.49324612	2.83135415	844
0.49139961	1.49324612	2.83135415	843
0.50826077	1.50038092	2.83994873	842
0.50826077	1.50038092	2.83994873	841
0.50850253	1.52242039	2.80891141	840
0.54448257	1.56931665	2.80940558	839
0.54448257	1.56931665	2.80940558	838
0.54448257	1.56931665	2.80940558	837
0.51291852	1.59738759	2.74737551	836
0.51291852	1.59738759	2.74737551	835
0.52748460	1.59406359	2.76689287	834
0.54432968	1.65899569	2.72934435	833
0.54432968	1.70271245	2.72934435	832
0.54432968	1.70271245	2.72934435	831
0.57214827	1.79208071	2.68414492	830
0.58574852	1.81282303	2.68414492	829
0.58574852	1.81282303	2.68414492	828
0.58574852	1.81282303	2.68414492	827
0.58574852	1.82748843	2.68414492	826
0.59526451	1.97937448	2.65230055	825
0.59470612	2.03971714	2.63427574	824
0.59470612	1.94482157	2.63427574	823
0.59470612	1.94482157	2.63427574	822
0.58247754	1.99066455	2.63606864	821
0.58247754	1.97951351	2.63606864	820
0.60655505	2.09259629	2.59919827	819
0.60655505	2.09259629	2.59919827	818
0.63589776	2.43292599	2.53785620	817
0.63589776	2.43292599	2.53785620	816
0.63589776	2.43292599	2.53785620	815
0.63589776	2.43292599	2.53785620	814
0.63589776	2.43292599	2.53785620	813
0.63589776	2.43292599	2.53785620	812
0.63522134	2.31460984	2.55414760	811
0.63522134	2.31460984	2.55414760	810
0.63522134	2.31460984	2.55414760	809
0.63522134	2.31460984	2.55414760	808
0.63522134	2.31460984	2.55414760	807
0.63522134	2.31460984	2.55414760	806
0.63522134	2.31460984	2.55414760	805
0.63522134	2.31460984	2.55414760	804
0.63522134	2.31460984	2.55414760	803
0.63522134	2.31460984	2.55414760	802
0.63522134	2.31460984	2.55414760	801
0.63522134	2.31460984	2.55414760	800
0.63522134	2.31460984	2.55414760	799
0.63522134	2.31460984	2.55414760	798
0.63522134	2.31460984	2.55414760	797
0.63522134	2.31460984	2.55414760	796
0.63522134	2.31460984	2.55414760	795
0.63522134	2.31460984	2.55414760	794
0.63522134	2.31460984	2.55414760	793
0.63522134	2.31460984	2.55414760	792
0.63522134	2.31460984	2.55414760	791
0.63522134	2.31460984	2.55414760	790
0.63522134	2.31460984	2.55414760	789
0.63522134	2.31460984	2.55414760	788
0.63522134	2.31460984	2.55414760	787
0.63522134	2.31460984	2.55414760	786
0.63522134	2.31460984	2.55414760	785
0.63522134	2.31460984	2.55414760	784
0.63522134	2.31460984	2.55414760	783
0.63522134	2.31460984	2.55414760	782
0.63522134	2.31460984	2.55414760	781
0.63522134	2.31460984	2.55414760	780
0.63522134	2.31460984	2.55414760	779
0.63522134	2.31460984	2.55414760	778
0.63522134	2.31460984	2.55414760	777
0.63522134	2.31460984	2.55414760	776
0.63696705	2.38185674	2.54290838	775
0.63696705	2.38185674	2.54290838	774
0.63696705	2.38185674	2.54290838	773
0.63696705	2.38185674	2.54290838	772
0.63696705	2.38185674	2.54290838	771
0.63696705	2.38185674	2.54290838	770
0.63696705	2.38185674	2.54290838	769
0.63696705	2.38185674	2.54290838	768
0.63696705	2.38185674	2.54290838	767
0.63696705	2.38185674	2.54290838	766
0.63696705	2.38185674	2.54290838	765
0.63696705	2.38185674	2.54290838	764
0.63696705	2.38185674	2.54290838	763
0.63696705	2.38185674	2.54290838	762
0.63696705	2.38185674	2.54290838	761
0.63696705	2.38185674	2.54290838	760
0.63696705	2.38185674	2.54290838	759
0.63696705	2.38185674	2.54290838	758
0.63696705	2.38185674	2.54290838	757
0.63696705	2.38185674	2.54290838	756
0.63696705	2.38185674	2.54290838	755
0.63696705	2.38185674	2.54290838	754
0.63696705	2.38185674	2.54290838	753
0.63696705	2.38185674	2.54290838	752
0.63696705	2.38185674	2.54290838	751
0.63696705	2.38185674	2.54290838	750
0.63696705	2.38185674	2.54290838	749
0.63696705	2.38185674	2.54290838	748
0.63696705	2.38185674	2.54290838	747
0.63696705	2.38185674	2.54290838	746
0.63696705	2.38185674	2.54290838	745
0.63696705	2.38185674	2.54290838	744
0.63696705	2.38185674	2.54290838	743
0.63696705	2.38185674	2.54290838	742
0.63696705	2.38185674	2.54290838	741
0.63696705	2.38185674	2.54290838	740
0.63696705	2.38185674	2.54290838	739
0.63696705	2.38185674	2.54290838	738
0.63696705	2.38185674	2.54290838	737
0.63696705	2.38185674	2.54290838	736
0.63696705	2.38185674	2.54290838	735
0.63696705	2.38185674	2.54290838	734
0.63696705	2.38185674	2.54290838	733
0.63696705	2.38185674	2.54290838	732
0.63696705	2.38185674	2.54290838	731
0.63696705	2.38185674	2.54290838	730
0.63696705	2.38185674	2.54290838	729
0.63696705	2.38185674	2.54290838	728
0.63696705	2.38185674	2.54290838	727
0.63696705	2.38185674	2.54290838	726
0.63696705	2.38185674	2.54290838	725
0.63696705	2.38185674	2.54290838	724
0.63696705	2.38185674	2.54290838	723
0.63696705	2.38185674	2.54290838	722
0.63696705	2.38185674	2.54290838	721
0.63696705	2.38185674	2.54290838	720
0.63696705	2.38185674	2.54290838	719
0.63696705	2.38185674	2.54290838	718
0.63696705	2.38185674	2.54290838	717
0.63696705	2.38185674	2.54290838	716
0.63696705	2.38185674	2.54290838	715
0.63696705	2.38185674	2.54290838	714
0.63696705	2.38185674	2.54290838	713
0.63696705	2.38185674	2.54290838	712
0.63696705	2.38185674	2.54290838	711
0.63696705	2.38185674	2.54290838	710
0.63696705	2.38185674	2.54290838	709
0.63696705	2.38185674	2.54290838	708
0.63696705	2.38185674	2.54290838	707
0.63696705	2.38185674	2.54290838	706
0.63696705	2.38185674	2.54290838	705
0.63696705	2.38185674	2.54290838	704
0.63696705	2.38185674	2.54290838	703
0.63696705	2.38185674	2.54290838	702
0.63696705	2.38185674	2.54290838	701
0.63696705	2.38185674	2.54290838	700
0.63696705	2.38185674	2.54290838	699
0.63696705	2.38185674	2.54290838	698
0.63696705	2.38185674	2.54290838	697
0.63696705	2.38185674	2.54290838	696
0.63696705	2.38185674	2.54290838	695
0.63696705	2.38185674	2.54290838	694
0.63696705	2.38185674	2.54290838	693
0.63696705	2.38185674	2.54290838	692
0.63696705	2.38185674	2.54290838	691
0.63696705	2.38185674	2.54290838	690
0.63696705	2.38185674	2.54290838	689
0.63696705	2.38185674	2.54290838	688
0.63696705	2.38185674	2.54290838	687
0.63696705	2.38185674	2.54290838	686
0.63696705	2.38185674	2.54290838	685
0.63696705	2.38185674	2.54290838	684
0.63696705	2.38185674	2.54290838	683
0.63696705	2.38185674	2.54290838	682
0.63696705	2.38185674	2.54290838	681
0.63696705	2.38185674	2.54290838	680
0.63696705	2.38185674	2.54290838	679
0.63696705	2.38185674	2.54290838	678
0.63696705	2.38185674	2.54290838	677
0.63696705	2.38185674	2.54290838	676
0.63696705	2.38185674	2.54290838	675
0.63696705	2.38185674	2.54290838	674
0.63696705	2.38185674	2.54290838	673
0.63696705	2.38185674	2.54290838	672
0.63696705	2.38185674	2.54290838	671
0.63696705	2.38185674	2.54290838	670
0.63696705	2.38185674	2.54290838	669
0.63612303	2.33691167	2.54970251	668
0.63612303	2.33691167	2.54970251	667
0.63612303	2.33691167	2.54970251	666
0.63612303	2.33691167	2.54970251	665
0.63612303	2.33691167	2.54970251	664
0.63612303	2.33691167	2.54970251	663
0.63612303	2.33691167	2.54970251	662
0.63612303	2.33691167	2.54970251	661
0.63612303	2.33691167	2.54970251	660
0.63612303	2.33691167	2.54970251	659
0.63473251	2.34315515	2.54975590	658
0.63473251	2.34315515	2.54975590	657
0.63473251	2.34315515	2.54975590	656
0.63473251	2.34315515	2.54975590	655
0.63473251	2.34315515	2.54975590	654
0.63473251	2.34315515	2.54975590	653
0.63473251	2.34315515	2.54975590	652
0.63473251	2.34315515	2.54975590	651
0.63473251	2.34315515	2.54975590	650
0.63473251	2.34315515	2.54975590	649
0.63473251	2.34315515	2.54975590	648
0.63473251	2.34315515	2.54975590	647
0.63473251	2.34315515	2.54975590	646
0.63473251	2.34315515	2.54975590	645
0.63473251	2.34315515	2.54975590	644
0.63473251	2.34315515	2.54975590	643
0.63473251	2.34315515	2.54975590	642
0.63473251	2.34315515	2.54975590	641
0.63473251	2.34315515	2.54975590	640
0.63473251	2.34315515	2.54975590	639
0.63473251	2.34315515	2.54975590	638
0.63473251	2.34315515	2.54975590	637
0.63473251	2.34315515	2.54975590	636
0.63473251	2.34315515	2.54975590	635
0.63473251	2.34315515	2.54975590	634
0.63473251	2.34315515	2.54975590	633
0.63473251	2.34315515	2.54975590	632
0.63473251	2.34315515	2.54975590	631
0.63473251	2.34315515	2.54975590	630
0.63473251	2.34315515	2.54975590	629
0.63473251	2.34315515	2.54975590	628
0.63473251	2.34315515	2.54975590	627
0.63473251	2.34315515	2.54975590	626
0.63473251	2.34315515	2.54975590	625
0.63473251	2.34315515	2.54975590	624
0.63473251	2.34315515	2.54975590	623
0.63473251	2.34315515	2.54975590	622
0.63473251	2.34315515	2.54975590	621
0.63473251	2.34315515	2.54975590	620
0.63473251	2.34315515	2.54975590	619
0.63473251	2.34315515	2.54975590	618
0.63473251	2.34315515	2.54975590	617
0.63473251	2.34315515	2.54975590	616
0.63473251	2.34315515	2.54975590	615
0.63473251	2.34315515	2.54975590	614
0.63473251	2.34315515	2.54975590	613
0.63473251	2.34315515	2.54975590	612
0.63473251	2.34315515	2.54975590	611
0.63473251	2.34315515	2.54975590	610
0.63473251	2.34315515	2.54975590	609
0.63473251	2.34315515	2.54975590	608
0.63473251	2.34315515	2.54975590	607
0.63473251	2.34315515	2.54975590	606
0.63473251	2.34315515	2.54975590	605
0.63473251	2.34315515	2.54975590	604
0.63473251	2.34315515	2.54975590	603
0.63473251	2.34315515	2.54975590	602
0.63473251	2.34315515	2.54975590	601
0.63473251	2.34315515	2.54975590	600
0.63473251	2.34315515	2.54975590	599
0.63473251	2.34315515	2.54975590	598
0.63473251	2.34315515	2.54975590	597
0.63473251	2.34315515	2.54975590	596
0.63473251	2.34315515	2.54975590	595
0.63473251	2.34315515	2.54975590	594
0.63473251	2.34315515	2.54975590	593
0.63473251	2.34315515	2.54975590	592
0.63473251	2.34315515	2.54975590	591
0.63314422	2.34432259	2.54927363	590
0.63314422	2.34432259	2.54927363	589
0.63314422	2.34432259	2.54927363	588
0.63314422	2.34432259	2.54927363	587
0.63314422	2.34432259	2.54927363	586
0.63314422	2.34432259	2.54927363	585
0.63314422	2.34432259	2.54927363	584
0.63314422	2.34432259	2.54927363	583
0.63314422	2.34432259	2.54927363	582
0.63314422	2.34432259	2.54927363	581
0.63314422	2.34432259	2.54927363	580
0.63314422	2.34432259	2.54927363	579
0.63314422	2.34432259	2.54927363	578
0.63314422	2.34432259	2.54927363	577
0.63314422	2.34432259	2.54927363	576
0.63314422	2.34432259	2.54927363	575
0.63314422	2.34432259	2.54927363	574
0.63314422	2.34432259	2.54927363	573
0.63314422	2.34432259	2.54927363	572
0.63314422	2.34432259	2.54927363	571
0.63314422	2.34432259	2.54927363	570
0.63314422	2.34432259	2.54927363	569
0.63537773	2.37014038	2.54399019	568
0.63537773	2.37014038	2.54399019	567
0.63537773	2.37014038	2.54399019	566
0.63537773	2.37014038	2.54399019	565
0.63537773	2.37014038	2.54399019	564
0.63537773	2.37014038	2.54399019	563
0.63537773	2.37014038	2.54399019	562
0.63537773	2.37014038	2.54399019	561
0.63537773	2.37014038	2.54399019	560
0.63537773	2.37014038	2.54399019	559
0.63537773	2.37014038	2.54399019	558
0.63537773	2.37014038	2.54399019	557
0.63537773	2.37014038	2.54399019	556
0.63537773	2.37014038	2.54399019	555
0.63537773	2.37014038	2.54399019	554
0.63537773	2.37014038	2.54399019	553
0.63537773	2.37014038	2.54399019	552
0.63537773	2.37014038	2.54399019	551
0.63537773	2.37014038	2.54399019	550
0.63537773	2.37014038	2.54399019	549
0.63537773	2.37014038	2.54399019	548
0.63537773	2.37014038	2.54399019	547
0.63537773	2.37014038	2.54399019	546
0.63537773	2.37014038	2.54399019	545
0.63537773	2.37014038	2.54399019	544
0.63537773	2.37014038	2.54399019	543
0.63537773	2.37014038	2.54399019	542
0.63537773	2.37014038	2.54399019	541
0.63537773	2.37014038	2.54399019	540
0.63537773	2.37014038	2.54399019	539
0.63465541	2.36132674	2.54646551	538
0.63465541	2.36132674	2.54646551	537
0.63465541	2.36132674	2.54646551	536
0.63465541	2.36132674	2.54646551	535
0.63465541	2.36132674	2.54646551	534
0.63465541	2.36132674	2.54646551	533
0.63465541	2.36132674	2.54646551	532
0.63465541	2.36132674	2.54646551	531
0.63465541	2.36132674	2.54646551	530
0.63465541	2.36132674	2.54646551	529
0.63465541	2.36132674	2.54646551	528
0.63465541	2.36132674	2.54646551	527
0.63465541	2.36132674	2.54646551	526
0.63465541	2.36132674	2.54646551	525
0.63465541	2.36132674	2.54646551	524
0.63465541	2.36132674	2.54646551	523
0.63465541	2.36132674	2.54646551	522
0.63465541	2.36132674	2.54646551	521
0.63465541	2.36132674	2.54646551	520
0.63465541	2.36132674	2.54646551	519
0.63465541	2.36132674	2.54646551	518
0.63465541	2.36132674	2.54646551	517
0.63465541	2.36132674	2.54646551	516
0.63465541	2.36132674	2.54646551	515
0.63465541	2.36132674	2.54646551	514
0.63465541	2.36132674	2.54646551	513
0.63465541	2.36132674	2.54646551	512
0.63465541	2.36132674	2.54646551	511
0.63465541	2.36132674	2.54646551	510
0.63465541	2.36132674	2.54646551	509
0.63465541	2.36132674	2.54646551	508
0.63465541	2.36132674	2.54646551	507
0.63465541	2.36132674	2.54646551	506
0.63465541	2.36132674	2.54646551	505
0.63465541	2.36132674	2.54646551	504
0.63465541	2.36132674	2.54646551	503
0.63465541	2.36132674	2.54646551	502
0.63465541	2.36132674	2.54646551	501
0.63465541	2.36132674	2.54646551	500
0.63465541	2.36132674	2.54646551	499
0.63465541	2.36132674	2.54646551	498
0.63465541	2.36132674	2.54646551	497
0.63465541	2.36132674	2.54646551	496
0.63465541	2.36132674	2.54646551	495
0.63486177	2.34989774	2.54767388	494
0.63486177	2.34989774	2.54767388	493
0.63486177	2.34989774	2.54767388	492
0.63486177	2.34989774	2.54767388	491
0.63486177	2.34989774	2.54767388	490
0.63486177	2.34989774	2.54767388	489
0.63486177	2.34989774	2.54767388	488
0.63486177	2.34989774	2.54767388	487
0.63486177	2.34989774	2.54767388	486
0.63486177	2.34989774	2.54767388	485
0.63486177	2.34989774	2.54767388	484
0.63486177	2.34989774	2.54767388	483
0.63486177	2.34989774	2.54767388	482
0.63486177	2.34989774	2.54767388	481
0.63486177	2.34989774	2.54767388	480
0.63486177	2.34989774	2.54767388	479
0.63486177	2.34989774	2.54767388	478
0.63486177	2.34989774	2.54767388	477
0.63486177	2.34989774	2.54767388	476
0.63486177	2.34989774	2.54767388	475
0.63486177	2.34989774	2.54767388	474
0.63486177	2.34989774	2.54767388	473
0.63486177	2.34989774	2.54767388	472
0.63486177	2.34989774	2.54767388	471
0.63486177	2.34989774	2.54767388	470
0.63486177	2.34989774	2.54767388	469
0.63486177	2.34989774	2.54767388	468
0.63486177	2.34989774	2.54767388	467
0.63339136	2.35881249	2.54695868	466
0.63339136	2.35619112	2.54695868	465
0.63339136	2.35619112	2.54695868	464
0.63339136	2.35619112	2.54695868	463
0.63339136	2.35619112	2.54695868	462
0.63339136	2.35619112	2.54695868	461
0.63339136	2.35619112	2.54695868	460
0.63339136	2.35619112	2.54695868	459
0.63339136	2.35619112	2.54695868	458
0.63339136	2.35619112	2.54695868	457
0.63339136	2.35619112	2.54695868	456
0.63339136	2.35619112	2.54695868	455
0.63339136	2.35619112	2.54695868	454
0.63339136	2.35619112	2.54695868	453
0.63339136	2.35619112	2.54695868	452
0.63339136	2.35619112	2.54695868	451
0.63339136	2.35619112	2.54695868	450
0.63339136	2.35619112	2.54695868	449
0.63339136	2.35619112	2.54695868	448
0.63339136	2.35619112	2.54695868	447
0.63339136	2.35619112	2.54695868	446
0.63339136	2.35619112	2.54695868	445
0.63339136	2.35619112	2.54695868	444
0.63339136	2.35619112	2.54695868	443
0.63339136	2.35619112	2.54695868	442
0.63339136	2.35619112	2.54695868	441
0.63339136	2.35619112	2.54695868	440
0.63339136	2.35619112	2.54695868	439
0.63339136	2.35619112	2.54695868	438
0.63339136	2.35619112	2.54695868	437
0.63339136	2.35619112	2.54695868	436
0.63339136	2.35619112	2.54695868	435
0.63339136	2.35619112	2.54695868	434
0.63339136	2.35619112	2.54695868	433
0.63339136	2.35619112	2.54695868	432
0.63339136	2.35619112	2.54695868	431
0.63339136	2.35619112	2.54695868	430
0.63339136	2.35619112	2.54695868	429
0.63339136	2.35619112	2.54695868	428
0.63339136	2.35619112	2.54695868	427
0.63339136	2.35619112	2.54695868	426
0.63339136	2.35619112	2.54695868	425
0.63339136	2.35619112	2.54695868	424
0.63339136	2.35619112	2.54695868	423
0.63339136	2.35619112	2.54695868	422
0.63339136	2.35619112	2.54695868	421
0.63339136	2.35619112	2.54695868	420
0.63339136	2.35619112	2.54695868	419
0.63339136	2.35619112	2.54695868	418
0.63339136	2.35619112	2.54695868	417
0.63339136	2.35619112	2.54695868	416
0.63339136	2.35619112	2.54695868	415
0.63339136	2.35619112	2.54695868	414
0.63339136	2.35619112	2.54695868	413
0.63339136	2.35619112	2.54695868	412
0.63339136	2.35619112	2.54695868	411
0.63339136	2.35619112	2.54695868	410
0.63339136	2.35619112	2.54695868	409
0.63339136	2.35619112	2.54695868	408
0.63339136	2.35619112	2.54695868	407
0.63339136	2.35619112	2.54695868	406
0.63339136	2.35619112	2.54695868	405
0.63339136	2.35619112	2.54695868	404
0.63339136	2.35619112	2.54695868	403
0.63339136	2.35619112	2.54695868	402
0.63339136	2.35619112	2.54695868	401
0.63339136	2.35619112	2.54695868	400
0.63339136	2.35619112	2.54695868	399
0.63339136	2.35619112	2.54695868	398
0.63339136	2.35619112	2.54695868	397
0.63339136	2.35619112	2.54695868	396
0.63339136	2.35619112	2.54695868	395
0.63339136	2.35619112	2.54695868	394
0.63339136	2.35619112	2.54695868	393
0.63339136	2.35619112	2.54695868	392
0.63339136	2.35619112	2.54695868	391
0.63339136	2.35619112	2.54695868	390
0.63339136	2.35619112	2.54695868	389
0.63339136	2.35619112	2.54695868	388
0.63339136	2.35619112	2.54695868	387
0.63339136	2.35619112	2.54695868	386
0.63339136	2.35619112	2.54695868	385
0.63339136	2.35619112	2.54695868	384
0.63339136	2.35619112	2.54695868	383
0.63339136	2.35619112	2.54695868	382
0.63339136	2.35619112	2.54695868	381
0.63339136	2.35619112	2.54695868	380
0.63339136	2.35619112	2.54695868	379
0.63339136	2.35619112	2.54695868	378
0.63339136	2.35619112	2.54695868	377
0.63339136	2.35619112	2.54695868	376
0.63339136	2.35619112	2.54695868	375
0.63339136	2.35619112	2.54695868	374
0.63339136	2.35619112	2.54695868	373
0.63339136	2.35619112	2.54695868	372
0.63390625	2.35711776	2.54685210	371
0.63390625	2.35711776	2.54685210	370
0.63390625	2.35711776	2.54685210	369
0.63390625	2.35711776	2.54685210	368
0.63390625	2.35711776	2.54685210	367
0.63390625	2.35711776	2.54685210	366
0.63390625	2.35711776	2.54685210	365
0.63390625	2.35711776	2.54685210	364
0.63390625	2.35711776	2.54685210	363
0.63390625	2.35711776	2.54685210	362
0.63390625	2.35711776	2.54685210	361
0.63390625	2.35711776	2.54685210	360
0.63390625	2.35711776	2.54685210	359
0.63390625	2.35711776	2.54685210	358
0.63390625	2.35711776	2.54685210	357
0.63390625	2.35711776	2.54685210	356
0.63390625	2.35711776	2.54685210	355
0.63390625	2.35711776	2.54685210	354
0.63390625	2.35711776	2.54685210	353
0.63390625	2.35711776	2.54685210	352
0.63390625	2.35711776	2.54685210	351
0.63390625	2.35711776	2.54685210	350
0.63390625	2.35711776	2.54685210	349
0.63390625	2.35711776	2.54685210	348
0.63390625	2.35711776	2.54685210	347
0.63390625	2.35711776	2.54685210	346
0.63390625	2.35711776	2.54685210	345
0.63390625	2.35711776	2.54685210	344
0.63390625	2.35711776	2.54685210	343
0.63390625	2.35711776	2.54685210	342
0.63390625	2.35711776	2.54685210	341
0.63390625	2.35711776	2.54685210	340
0.63390625	2.35711776	2.54685210	339
0.63390625	2.35711776	2.54685210	338
0.63390625	2.35711776	2.54685210	337
0.63390625	2.35711776	2.54685210	336
0.63390625	2.35711776	2.54685210	335
0.63390625	2.35711776	2.54685210	334
0.63390625	2.35711776	2.54685210	333
0.63390625	2.35711776	2.54685210	332
0.63390625	2.35711776	2.54685210	331
0.63390625	2.35711776	2.54685210	330
0.63390625	2.35711776	2.54685210	329
0.63390625	2.35711776	2.54685210	328
0.63390625	2.35711776	2.54685210	327
0.63390625	2.35711776	2.54685210	326
0.63390625	2.35711776	2.54685210	325
0.63390625	2.35711776	2.54685210	324
0.63390625	2.35711776	2.54685210	323
0.63390625	2.35711776	2.54685210	322
0.63347432	2.35363963	2.54730824	321
0.63347432	2.35363963	2.54730824	320
0.63347432	2.35363963	2.54730824	319
0.63347432	2.35363963	2.54730824	318
0.63347432	2.35363963	2.54730824	317
0.63347432	2.35363963	2.54730824	316
0.63347432	2.35363963	2.54730824	315
0.63347432	2.35363963	2.54730824	314
0.63347432	2.35363963	2.54730824	313
0.63347432	2.35363963	2.54730824	312
0.63347432	2.35363963	2.54730824	311
0.63347432	2.35363963	2.54730824	310
0.63347432	2.35363963	2.54730824	309
0.63347432	2.35363963	2.54730824	308
0.63347432	2.35363963	2.54730824	307
0.63347432	2.35363963	2.54730824	306
0.63347432	2.35363963	2.54730824	305
0.63347432	2.35363963	2.54730824	304
0.63347432	2.35363963	2.54730824	303
0.63347432	2.35363963	2.54730824	302
0.63347432	2.35363963	2.54730824	301
0.63347432	2.35363963	2.54730824	300
0.63347432	2.35363963	2.54730824	299
0.63347432	2.35363963	2.54730824	298
0.63347432	2.35363963	2.54730824	297
0.63347432	2.35363963	2.54730824	296
0.63347432	2.35363963	2.54730824	295
0.63347432	2.35363963	2.54730824	294
0.63347432	2.35363963	2.54730824	293
0.63347432	2.35363963	2.54730824	292
0.63347432	2.35363963	2.54730824	291
0.63347432	2.35363963	2.54730824	290
0.63347432	2.35363963	2.54730824	289
0.63347432	2.35363963	2.54730824	288
0.63347432	2.35363963	2.54730824	287
0.63347432	2.35363963	2.54730824	286
0.63347432	2.35363963	2.54730824	285
0.63347432	2.35363963	2.54730824	284
0.63347432	2.35363963	2.54730824	283
0.63347432	2.35363963	2.54730824	282
0.63347432	2.35363963	2.54730824	281
0.63347432	2.35363963	2.54730824	280
0.63347432	2.35363963	2.54730824	279
0.63347432	2.35363963	2.54730824	278
0.63347432	2.35363963	2.54730824	277
0.63347432	2.35363963	2.54730824	276
0.63347432	2.35363963	2.54730824	275
0.63347432	2.35363963	2.54730824	274
0.63347432	2.35363963	2.54730824	273
0.63347432	2.35363963	2.54730824	272
0.63347432	2.35363963	2.54730824	271
0.63347432	2.35363963	2.54730824	270
0.63347432	2.35363963	2.54730824	269
0.63347432	2.35363963	2.54730824	268
0.63347432	2.35363963	2.54730824	267
0.63347432	2.35363963	2.54730824	266
0.63347432	2.35363963	2.54730824	265
0.63347432	2.35363963	2.54730824	264
0.63347432	2.35363963	2.54730824	263
0.63347432	2.35363963	2.54730824	262
0.63347432	2.35363963	2.54730824	261
0.63347432	2.35363963	2.54730824	260
0.63347432	2.35363963	2.54730824	259
0.63347432	2.35363963	2.54730824	258
0.63347432	2.35363963	2.54730824	257
0.63347432	2.35363963	2.54730824	256
0.63347432	2.35363963	2.54730824	255
0.63347432	2.35363963	2.54730824	254
0.63347432	2.35363963	2.54730824	253
0.63347432	2.35363963	2.54730824	252
0.63347432	2.35363963	2.54730824	251
0.63347432	2.35363963	2.54730824	250
0.63347432	2.35363963	2.54730824	249
0.63347432	2.35363963	2.54730824	248
0.63347432	2.35363963	2.54730824	247
0.63347432	2.35363963	2.54730824	246
0.63347432	2.35363963	2.54730824	245
0.63347432	2.35363963	2.54730824	244
0.63347432	2.35363963	2.54730824	243
0.63347432	2.35363963	2.54730824	242
0.63347432	2.35363963	2.54730824	241
0.63347432	2.35363963	2.54730824	240
0.63347432	2.35363963	2.54730824	239
0.63347432	2.35363963	2.54730824	238
0.63347432	2.35363963	2.54730824	237
0.63347432	2.35363963	2.54730824	236
0.63347432	2.35363963	2.54730824	235
0.63347432	2.35363963	2.54730824	234
0.63347432	2.35363963	2.54730824	233
0.63347432	2.35363963	2.54730824	232
0.63347432	2.35363963	2.54730824	231
0.63347432	2.35363963	2.54730824	230
0.63347432	2.35363963	2.54730824	229
0.63347432	2.35363963	2.54730824	228
0.63347432	2.35363963	2.54730824	227
0.63347432	2.35363963	2.54730824	226
0.63347432	2.35363963	2.54730824	225
0.63347432	2.35363963	2.54730824	224
0.63347432	2.35363963	2.54730824	223
0.63347432	2.35363963	2.54730824	222
0.63347432	2.35363963	2.54730824	221
0.63347432	2.35363963	2.54730824	220
0.63347432	2.35363963	2.54730824	219
0.63347432	2.35363963	2.54730824	218
0.63347432	2.35363963	2.54730824	217
0.63347432	2.35363963	2.54730824	216
0.63347432	2.35363963	2.54730824	215
0.63366147	2.35525365	2.54695660	214
0.63366147	2.35525365	2.54695660	213
0.63366147	2.35525365	2.54695660	212
0.63366147	2.35525365	2.54695660	211
0.63366147	2.35525365	2.54695660	210
0.63366147	2.35525365	2.54695660	209
0.63366147	2.35525365	2.54695660	208
0.63366147	2.35525365	2.54695660	207
0.63366147	2.35525365	2.54695660	206
0.63366147	2.35525365	2.54695660	205
0.63366147	2.35525365	2.54695660	204
0.63366147	2.35525365	2.54695660	203
0.63366147	2.35525365	2.54695660	202
0.63366147	2.35525365	2.54695660	201
0.63366147	2.35525365	2.54695660	200
0.63366147	2.35525365	2.54695660	199
0.63366147	2.35525365	2.54695660	198
0.63366147	2.35525365	2.54695660	197
0.63366147	2.35525365	2.54695660	196
0.63366147	2.35525365	2.54695660	195
0.63366147	2.35525365	2.54695660	194
0.63366147	2.35525365	2.54695660	193
0.63366147	2.35525365	2.54695660	192
0.63366147	2.35525365	2.54695660	191
0.63366147	2.35525365	2.54695660	190
0.63366147	2.35525365	2.54695660	189
0.63366147	2.35525365	2.54695660	188
0.63366147	2.35525365	2.54695660	187
0.63366147	2.35525365	2.54695660	186
0.63366147	2.35525365	2.54695660	185
0.63366147	2.35525365	2.54695660	184
0.63366147	2.35525365	2.54695660	183
0.63366147	2.35525365	2.54695660	182
0.63366147	2.35525365	2.54695660	181
0.63366147	2.35525365	2.54695660	180
0.63366147	2.35525365	2.54695660	179
0.63366147	2.35525365	2.54695660	178
0.63366147	2.35525365	2.54695660	177
0.63366147	2.35525365	2.54695660	176
0.63366147	2.35525365	2.54695660	175
0.63366147	2.35525365	2.54695660	174
0.63366147	2.35525365	2.54695660	173
0.63366147	2.35525365	2.54695660	172
0.63366147	2.35525365	2.54695660	171
0.63366147	2.35525365	2.54695660	170
0.63366147	2.35525365	2.54695660	169
0.63366147	2.35525365	2.54695660	168
0.63366147	2.35525365	2.54695660	167
0.63366147	2.35525365	2.54695660	166
0.63366147	2.35525365	2.54695660	165
0.63366147	2.35525365	2.54695660	164
0.63366147	2.35525365	2.54695660	163
0.63366147	2.35525365	2.54695660	162
0.63366147	2.35525365	2.54695660	161
0.63366147	2.35525365	2.54695660	160
0.63366147	2.35525365	2.54695660	159
0.63372085	2.35588758	2.54696869	158
0.63372085	2.35588758	2.54696869	157
0.63372085	2.35588758	2.54696869	156
0.63372085	2.35588758	2.54696869	155
0.63372085	2.35588758	2.54696869	154
0.63372085	2.35588758	2.54696869	153
0.63372085	2.35588758	2.54696869	152
0.63372085	2.35588758	2.54696869	151
0.63372085	2.35588758	2.54696869	150
0.63372085	2.35588758	2.54696869	149
0.63372085	2.35588758	2.54696869	148
0.63372085	2.35588758	2.54696869	147
0.63372085	2.35588758	2.54696869	146
0.63367410	2.35597949	2.54698339	145
0.63367410	2.35597949	2.54698339	144
0.63367410	2.35597949	2.54698339	143
0.63367410	2.35597949	2.54698339	142
0.63367410	2.35597949	2.54698339	141
0.63367410	2.35597949	2.54698339	140
0.63369111	2.35604487	2.54687380	139
0.63369111	2.35604487	2.54687380	138
0.63369111	2.35604487	2.54687380	137
0.63369111	2.35604487	2.54687380	136
0.63369111	2.35604487	2.54687380	135
0.63369111	2.35604487	2.54687380	134
0.63369111	2.35604487	2.54687380	133
0.63369111	2.35604487	2.54687380	132
0.63369111	2.35604487	2.54687380	131
0.63369111	2.35604487	2.54687380	130
0.63369111	2.35604487	2.54687380	129
0.63369111	2.35604487	2.54687380	128
0.63369111	2.35604487	2.54687380	127
0.63369111	2.35604487	2.54687380	126
0.63369111	2.35604487	2.54687380	125
0.63369111	2.35604487	2.54687380	124
0.63369111	2.35604487	2.54687380	123
0.63369111	2.35604487	2.54687380	122
0.63369111	2.35604487	2.54687380	121
0.63369111	2.35604487	2.54687380	120
0.63369111	2.35604487	2.54687380	119
0.63369111	2.35604487	2.54687380	118
0.63369111	2.35604487	2.54687380	117
0.63369111	2.35604487	2.54687380	116
0.63369111	2.35604487	2.54687380	115
0.63369111	2.35604487	2.54687380	114
0.63369111	2.35604487	2.54687380	113
0.63369111	2.35604487	2.54687380	112
0.63369111	2.35604487	2.54687380	111
0.63369111	2.35604487	2.54687380	110
0.63369111	2.35604487	2.54687380	109
0.63369111	2.35604487	2.54687380	108
0.63369111	2.35604487	2.54687380	107
0.63369111	2.35604487	2.54687380	106
0.63369111	2.35604487	2.54687380	105
0.63369111	2.35604487	2.54687380	104
0.63369111	2.35604487	2.54687380	103
0.63369111	2.35604487	2.54687380	102
0.63369111	2.35604487	2.54687380	101
0.63369111	2.35604487	2.54687380	100
0.63369111	2.35604487	2.54687380	99
0.63369111	2.35604487	2.54687380	98
0.63369111	2.35604487	2.54687380	97
0.63369111	2.35604487	2.54687380	96
0.63369111	2.35604487	2.54687380	95
0.63369111	2.35604487	2.54687380	94
0.63369111	2.35604487	2.54687380	93
0.63369111	2.35604487	2.54687380	92
0.63369111	2.35604487	2.54687380	91
0.63369111	2.35604487	2.54687380	90
0.63369111	2.35604487	2.54687380	89
0.63369111	2.35604487	2.54687380	88
0.63369111	2.35604487	2.54687380	87
0.63369111	2.35604487	2.54687380	86
0.63369111	2.35604487	2.54687380	85
0.63369111	2.35604487	2.54687380	84
0.63369111	2.35604487	2.54687380	83
0.63369111	2.35604487	2.54687380	82
0.63369111	2.35604487	2.54687380	81
0.63369111	2.35604487	2.54687380	80
0.63369111	2.35604487	2.54687380	79
0.63369111	2.35604487	2.54687380	78
0.63369111	2.35604487	2.54687380	77
0.63369111	2.35604487	2.54687380	76
0.63369111	2.35604487	2.54687380	75
0.63369111	2.35604487	2.54687380	74
0.63369111	2.35604487	2.54687380	73
0.63369111	2.35604487	2.54687380	72
0.63369111	2.35604487	2.54687380	71
0.63369111	2.35604487	2.54687380	70
0.63369111	2.35604487	2.54687380	69
0.63369111	2.35604487	2.54687380	68
0.63369111	2.35604487	2.54687380	67
0.63369111	2.35604487	2.54687380	66
0.63369111	2.35604487	2.54687380	65
0.63369111	2.35604487	2.54687380	64
0.63369111	2.35604487	2.54687380	63
0.63369111	2.35604487	2.54687380	62
0.63369111	2.35604487	2.54687380	61
0.63369111	2.35604487	2.54687380	60
0.63369111	2.35604487	2.54687380	59
0.63369111	2.35604487	2.54687380	58
0.63369111	2.35604487	2.54687380	57
0.63369111	2.35604487	2.54687380	56
0.63365038	2.35527039	2.54701680	55
0.63365038	2.35527039	2.54703626	54
0.63365038	2.35527039	2.54703626	53
0.63365038	2.35527039	2.54703626	52
0.63365038	2.35527039	2.54703626	51
0.63365038	2.35527039	2.54703626	50
0.63365038	2.35527039	2.54703626	49
0.63365038	2.35527039	2.54703626	48
0.63365038	2.35527039	2.54703626	47
0.63365038	2.35527039	2.54703626	46
0.63365038	2.35527039	2.54703626	45
0.63365038	2.35527039	2.54703626	44
0.63365038	2.35527039	2.54703626	43
0.63365038	2.35527039	2.54703626	42
0.63365038	2.35527039	2.54703626	41
0.63365038	2.35527039	2.54703626	40
0.63365038	2.35527039	2.54703626	39
0.63365038	2.35527039	2.54703626	38
0.63365038	2.35527039	2.54703626	37
0.63365038	2.35527039	2.54703626	36
0.63365038	2.35527039	2.54703626	35
0.63365038	2.35527039	2.54703626	34
0.63365038	2.35527039	2.54703626	33
0.63365038	2.35527039	2.54703626	32
0.63365038	2.35527039	2.54703626	31
0.63365038	2.35527039	2.54703626	30
0.63365038	2.35527039	2.54703626	29
0.63365038	2.35527039	2.54703626	28
0.63365038	2.35527039	2.54703626	27
0.63365038	2.35527039	2.54703626	26
0.63365038	2.35527039	2.54703626	25
0.63365038	2.35527039	2.54703626	24
0.63365038	2.35527039	2.54703626	23
0.63365038	2.35527039	2.54703626	22
0.63365038	2.35527039	2.54703626	21
0.63365038	2.35527039	2.54703626	20
0.63365038	2.35527039	2.54703626	19
0.63365038	2.35527039	2.54703626	18
0.63365038	2.35527039	2.54703626	17
0.63365038	2.35527039	2.54703626	16
0.63365038	2.35527039	2.54703626	15
0.63365038	2.35527039	2.54703626	14
0.63365038	2.35527039	2.54703626	13
0.63365038	2.35527039	2.54703626	12
0.63365038	2.35527039	2.54703626	11
0.63365038	2.35527039	2.54703626	10
0.63365038	2.35527039	2.54703626	9
0.63361385	2.35539714	2.54703154	8
0.63361824	2.35541776	2.54702439	7
0.63361882	2.35543067	2.54701986	6
0.63362097	2.35543019	2.54701821	5
0.63362266	2.35547539	2.54701446	4
0.63362331	2.35547444	2.54701450	3
