5.04482564	2.00000000	0.15213347	1014
5.05347222	2.00000000	0.15213347	1013
5.05347222	1.99791484	0.15213347	1012
5.05347222	1.99791484	0.22124305	1011
5.05347222	1.99791484	0.22124305	1010
5.02744200	1.94595044	0.22124305	1009
5.02744200	1.94595044	0.26534942	1008
5.11513046	1.94595044	0.26534942	1007
5.11513046	1.91748504	0.26534942	1006
5.11513046	1.91748504	0.26534942	1005
5.11513046	1.91748504	0.28265603	1004
5.06420915	1.83270492	0.28265603	1003
5.06420915	1.83270492	0.28265603	1002
5.10489002	1.83270492	0.28265603	1001
5.10489002	1.83270492	0.32001053	1000
5.11504270	1.83270492	0.32001053	999
5.11504270	1.81878312	0.32001053	998
5.11504270	1.81878312	0.32028096	997
5.11504270	1.81878312	0.32028096	996
5.11723868	1.81878312	0.32028096	995
5.11723868	1.81878312	0.36808885	994
5.18223154	1.81878312	0.36808885	993
5.18223154	1.81878312	0.42137305	992
5.18223154	1.81878312	0.42137305	991
5.25216764	1.81878312	0.42137305	990
5.25216764	1.80433254	0.42137305	989
5.25216764	1.80433254	0.51853422	988
5.30829559	1.80433254	0.51853422	987
5.30829559	1.74844664	0.51853422	986
5.35173230	1.74844664	0.51853422	985
5.35173230	1.65870551	0.51853422	984
5.42399172	1.65870551	0.51853422	983
5.42399172	1.61008469	0.51853422	982
5.51134664	1.53052088	0.50090609	981
5.51853800	1.52959398	0.50047123	980
5.51853800	1.52959398	0.50047123	979
5.54087634	1.52959398	0.50047123	978
5.54087634	1.52959398	0.50047123	977
5.32596056	1.44097942	0.45540874	976
5.15690148	1.44097942	0.45540874	975
5.04823531	1.42145252	0.44940894	974
5.02413194	1.42145252	0.44940894	973
5.09232813	1.41697887	0.39197196	972
5.23445146	1.41697887	0.39197196	971
5.19375201	1.41697887	0.39197196	970
5.19375201	1.41697887	0.39197196	969
4.48326182	1.37303066	0.44727264	968
4.28945157	1.36568842	0.44727264	967
4.28945157	1.35242207	0.39329003	966
4.04407640	1.29588290	0.39329003	965
4.04407640	1.29588290	0.31038127	964
4.04407640	1.29588290	0.31038127	963
4.04407640	1.29588290	0.31038127	962
4.04407640	1.29588290	0.34372596	961
4.04407640	1.29588290	0.34372596	960
5.63289047	1.25834056	0.00516338	959
5.63289047	1.25834056	0.00516338	958
5.63289047	1.25834056	0.00516338	957
5.63289047	1.25834056	0.00516338	956
5.63289047	1.25834056	0.00516338	955
5.63289047	1.25834056	0.00516338	954
5.63289047	1.25834056	0.00516338	953
5.63289047	1.25834056	0.00516338	952
5.63289047	1.25834056	0.00516338	951
5.63289047	1.25834056	0.00516338	950
5.63289047	1.25834056	0.00516338	949
5.63289047	1.25834056	0.00516338	948
5.63289047	1.25834056	0.00516338	947
3.87787124	1.23574913	0.25201569	946
3.87787124	1.23574913	0.25201569	945
3.42207118	1.18298398	0.21500807	944
3.42207118	1.18298398	0.21500807	943
3.42207118	1.18298398	0.21500807	942
4.09909767	1.17096836	0.05163806	941
4.09909767	1.17096836	0.05163806	940
4.09909767	1.17096836	0.05163806	939
3.81424999	1.16882318	0.11651170	938
3.37625803	1.16637186	0.20275205	937
3.99791012	1.13844711	0.00338556	936
3.99791012	1.13844711	0.00338556	935
3.99791012	1.13844711	0.00338556	934
2.71962710	1.13423681	0.30419582	933
2.52359592	1.13423681	0.38408203	932
2.52359592	1.13423681	0.38408203	931
2.52359592	1.13423681	0.38408203	930
2.52359592	1.13423681	0.38408203	929
2.52359592	1.13423681	0.38408203	928
2.52359592	1.13423681	0.38408203	927
2.52359592	1.13423681	0.38408203	926
2.52359592	1.13423681	0.38408203	925
2.84633511	1.08131931	0.14435264	924
2.84633511	1.08131931	0.14435264	923
2.84633511	1.08131931	0.14435264	922
2.84633511	1.08131931	0.14435264	921
2.67563723	1.06400545	0.14672959	920
2.67563723	1.06400545	0.14672959	919
2.46902805	1.05245770	0.14672959	918
2.46902805	1.05245770	0.14672959	917
2.34305775	1.02764557	0.17816518	916
2.34305775	1.02764557	0.17816518	915
2.34305775	1.02764557	0.17816518	914
1.40751480	1.12085434	0.88885521	913
1.64498134	1.05862843	0.59793502	912
1.64498134	1.05862843	0.59793502	911
1.64498134	1.05862843	0.59061067	910
1.64498134	1.05862843	0.59061067	909
1.40400935	1.07200578	0.78517789	908
1.40400935	1.03056090	0.69579117	907
1.40400935	1.03056090	0.69579117	906
1.40400935	1.03056090	0.69579117	905
1.12874144	1.04178080	0.94919382	904
1.05463289	1.04318787	0.99836921	903
1.05463289	1.04318787	0.99836921	902
0.92063461	1.01266525	1.06971562	901
0.86239352	1.01266525	1.16170531	900
0.86239352	1.01266525	1.13713807	899
0.95411683	0.92189664	0.79796441	898
0.95411683	0.92189664	0.79796441	897
0.78727578	0.84367594	0.79796441	896
0.78727578	0.84367594	0.77379416	895
0.71481477	0.86458988	0.95652568	894
0.71481477	0.86458988	0.95652568	893
0.73530450	0.86480090	0.89012159	892
0.73530450	0.86480090	0.89012159	891
0.70555596	0.78184270	0.65039931	890
0.69117267	0.78184270	0.65039931	889
0.69117267	0.78383935	0.65039931	888
0.66902059	0.77550226	0.65259291	887
0.66902059	0.77550226	0.65259291	886
0.66902059	0.77550226	0.65259291	885
0.66902059	0.77550226	0.65259291	884
0.66902059	0.77550226	0.65259291	883
0.66902059	0.77550226	0.65259291	882
0.66902059	0.77550226	0.65259291	881
0.66902059	0.77550226	0.65259291	880
0.66902059	0.77550226	0.65259291	879
0.66902059	0.77550226	0.65259291	878
0.66902059	0.77550226	0.65259291	877
0.66902059	0.77550226	0.65259291	876
0.66902059	0.77550226	0.65259291	875
0.66902059	0.77550226	0.65259291	874
0.66902059	0.77550226	0.65259291	873
0.66902059	0.77550226	0.65259291	872
0.66902059	0.77550226	0.65259291	871
0.66902059	0.77550226	0.65259291	870
0.58538629	0.84412955	1.12417020	869
0.58538629	0.84412955	1.12417020	868
0.58538629	0.84412955	1.12417020	867
0.58236136	0.85679540	1.16245118	866
0.58236136	0.85679540	1.16245118	865
0.58236136	0.85679540	1.16245118	864
0.63014969	0.74000763	0.57499826	863
0.63014969	0.74000763	0.57499826	862
0.63014969	0.74000763	0.57499826	861
0.63014969	0.74000763	0.57499826	860
0.63014969	0.74000763	0.57499826	859
0.63014969	0.74000763	0.57499826	858
0.63014969	0.74000763	0.57499826	857
0.63014969	0.74000763	0.57499826	856
0.63014969	0.74000763	0.57499826	855
0.63014969	0.74000763	0.57499826	854
0.63014969	0.74000763	0.57499826	853
0.63014969	0.74000763	0.57499826	852
0.63014969	0.74000763	0.57499826	851
0.63014969	0.74000763	0.57499826	850
0.49323396	0.79982579	1.18984327	849
0.44973496	0.73097867	1.07530463	848
0.43049078	0.74159605	1.14442249	847
0.43049078	0.74159605	1.14442249	846
0.39545885	0.74128489	1.34774073	845
0.39545885	0.74128489	1.34774073	844
0.39125104	0.74442474	1.40161060	843
0.40011691	0.83924578	1.64636807	842
0.40011691	0.87262499	1.77238276	841
0.34078933	0.83262956	1.83273303	840
0.34078933	0.83262956	1.83273303	839
0.33815735	0.85179895	1.94351075	838
0.33815735	0.85179895	1.94351075	837
0.33815735	0.86822574	1.94351075	836
0.33815735	0.86822574	1.97064434	835
0.33349457	0.86822574	1.97064434	834
0.33349457	0.86822574	1.97064434	833
0.33349457	0.86822574	1.97064434	832
0.33349457	0.86822574	1.97064434	831
0.33349457	0.86822574	1.97064434	830
0.32429511	0.83864318	1.98925774	829
0.32429511	0.83864318	1.98925774	828
0.36818988	0.92790665	2.00313116	827
0.36818988	0.92790665	2.00313116	826
0.37498165	0.97144259	2.02349429	825
0.39035162	0.97144259	2.02349429	824
0.39035162	0.97144259	2.02349429	823
0.42746814	1.06298511	2.05557349	822
0.42746814	1.06298511	2.05557349	821
0.42746814	1.06298511	2.05557349	820
0.42746814	1.06298511	2.05557349	819
0.40467266	1.02340240	2.10889577	818
0.42764252	1.07646108	2.12055070	817
0.42764252	1.13883751	2.12055070	816
0.42764252	1.13883751	2.12055070	815
0.49627319	1.26957892	2.18385807	814
0.49627319	1.26957892	2.18385807	813
0.49627319	1.32096666	2.18385807	812
0.49627319	1.32096666	2.23881440	811
0.50557137	1.40962947	2.31095952	810
0.49819308	1.40962947	2.31095952	809
0.49819308	1.44504881	2.31095952	808
0.49819308	1.42362084	2.45913685	807
0.49819308	1.42362084	2.45913685	806
0.43567023	1.42362084	2.45913685	805
0.43567023	1.40350188	2.49491632	804
0.43567023	1.40350188	2.49491632	803
0.43567023	1.40350188	2.52363399	802
0.43567023	1.40350188	2.52363399	801
0.44522964	1.39315165	2.55836924	800
0.44522964	1.39315165	2.55836924	799
0.44522964	1.39315165	2.64492448	798
0.44522964	1.39315165	2.64492448	797
0.44522964	1.39315165	2.65159849	796
0.39755410	1.43419401	2.69781972	795
0.48676142	1.43419401	2.69781972	794
0.48676142	1.47515960	2.69781972	793
0.47375236	1.47515960	2.69781972	792
0.47375236	1.53918655	2.69781972	791
0.47375236	1.53918655	2.69781972	790
0.47375236	1.54410765	2.69781972	789
0.47375236	1.54410765	2.72437680	788
0.47375236	1.54410765	2.72437680	787
0.50929711	1.60733929	2.70976558	786
0.50929711	1.70681568	2.70976558	785
0.50929711	1.70681568	2.70976558	784
0.59384190	1.78284308	2.70976558	783
0.59384190	1.78284308	2.70976558	782
0.59384190	1.78284308	2.70976558	781
0.55954049	1.75956436	2.68798261	780
0.55954049	1.75956436	2.68798261	779
0.55954049	1.79968248	2.68798261	778
0.57889318	1.81497764	2.68798261	777
0.57905079	1.84708201	2.68798261	776
0.57905079	1.84708201	2.68798261	775
0.57905079	1.84708201	2.68798261	774
0.57517490	1.83664909	2.68772110	773
0.61938279	1.89424741	2.66032340	772
0.61878565	1.89424741	2.66032340	771
0.61029762	1.90556203	2.66032340	770
0.60144225	2.00307830	2.62536555	769
0.60144225	2.00307830	2.60861915	768
0.60144225	2.12276455	2.60861915	767
0.60144225	2.12276455	2.58073027	766
0.60144225	2.12276455	2.58073027	765
0.61603419	2.26947312	2.54611447	764
0.61603419	2.26947312	2.54611447	763
0.64554966	2.29906973	2.54611447	762
0.64554966	2.29906973	2.54611447	761
0.64101319	2.29906973	2.54611447	760
0.64101319	2.37596488	2.54611447	759
0.64101319	2.37596488	2.54611447	758
0.64101319	2.37596488	2.54611447	757
0.63039076	2.32652075	2.54948805	756
0.63039076	2.32652075	2.54948805	755
0.63039076	2.32652075	2.54948805	754
0.63039076	2.32652075	2.54948805	753
0.63039076	2.32652075	2.54948805	752
0.63039076	2.32652075	2.54948805	751
0.63039076	2.32652075	2.54948805	750
0.63039076	2.32652075	2.54948805	749
0.63039076	2.32652075	2.54948805	748
0.63039076	2.32652075	2.54948805	747
0.63039076	2.32652075	2.54948805	746
0.63039076	2.32652075	2.54948805	745
0.63039076	2.32652075	2.54948805	744
0.63039076	2.32652075	2.54948805	743
0.63039076	2.32652075	2.54948805	742
0.63039076	2.32652075	2.54948805	741
0.63039076	2.32652075	2.54948805	740
0.63039076	2.32652075	2.54948805	739
0.63039076	2.32652075	2.54948805	738
0.63039076	2.32652075	2.54948805	737
0.63039076	2.32652075	2.54948805	736
0.63039076	2.32652075	2.54948805	735
0.63039076	2.32652075	2.54948805	734
0.63039076	2.32652075	2.54948805	733
0.63039076	2.32652075	2.54948805	732
0.63039076	2.32652075	2.54948805	731
0.63039076	2.32652075	2.54948805	730
0.63039076	2.32652075	2.54948805	729
0.63039076	2.32652075	2.54948805	728
0.63039076	2.32652075	2.54948805	727
0.63039076	2.32652075	2.54948805	726
0.63039076	2.32652075	2.54948805	725
0.63039076	2.32652075	2.54948805	724
0.63039076	2.32652075	2.54948805	723
0.63039076	2.32652075	2.54948805	722
0.63039076	2.32652075	2.54948805	721
0.63039076	2.32652075	2.54948805	720
0.63039076	2.32652075	2.54948805	719
0.63039076	2.32652075	2.54948805	718
0.63039076	2.32652075	2.54948805	717
0.63039076	2.32652075	2.54948805	716
0.63039076	2.32652075	2.54948805	715
0.63039076	2.32652075	2.54948805	714
0.63039076	2.32652075	2.54948805	713
0.63039076	2.32652075	2.54948805	712
0.63039076	2.32652075	2.54948805	711
0.63039076	2.32652075	2.54948805	710
0.63039076	2.32652075	2.54948805	709
0.63605716	2.34572002	2.54762232	708
0.63605716	2.34572002	2.54762232	707
0.63605716	2.34572002	2.54762232	706
0.63605716	2.34572002	2.54762232	705
0.63605716	2.34572002	2.54762232	704
0.63605716	2.34572002	2.54762232	703
0.63605716	2.34572002	2.54762232	702
0.63605716	2.34572002	2.54762232	701
0.63605716	2.34572002	2.54762232	700
0.63605716	2.34572002	2.54762232	699
0.63605716	2.34572002	2.54762232	698
0.63605716	2.34572002	2.54762232	697
0.63605716	2.34572002	2.54762232	696
0.63605716	2.34572002	2.54762232	695
0.63605716	2.34572002	2.54762232	694
0.63605716	2.34572002	2.54762232	693
0.63605716	2.34572002	2.54762232	692
0.63349550	2.35644040	2.54718078	691
0.63349550	2.35644040	2.54718078	690
0.63349550	2.35644040	2.54718078	689
0.63349550	2.35644040	2.54718078	688
0.63349550	2.35644040	2.54718078	687
0.63349550	2.35644040	2.54718078	686
0.63349550	2.35644040	2.54718078	685
0.63349550	2.35644040	2.54718078	684
0.63349550	2.35644040	2.54718078	683
0.63349550	2.35644040	2.54718078	682
0.63349550	2.35644040	2.54718078	681
0.63349550	2.35644040	2.54718078	680
0.63349550	2.35644040	2.54718078	679
0.63349550	2.35644040	2.54718078	678
0.63349550	2.35644040	2.54718078	677
0.63349550	2.35644040	2.54718078	676
0.63349550	2.35644040	2.54718078	675
0.63349550	2.35644040	2.54718078	674
0.63349550	2.35644040	2.54718078	673
0.63349550	2.35644040	2.54718078	672
0.63349550	2.35644040	2.54718078	671
0.63349550	2.35644040	2.54718078	670
0.63349550	2.35644040	2.54718078	669
0.63349550	2.35644040	2.54718078	668
0.63349550	2.35644040	2.54718078	667
0.63349550	2.35644040	2.54718078	666
0.63349550	2.35644040	2.54718078	665
0.63349550	2.35644040	2.54718078	664
0.63349550	2.35644040	2.54718078	663
0.63349550	2.35644040	2.54718078	662
0.63349550	2.35644040	2.54718078	661
0.63349550	2.35644040	2.54718078	660
0.63349550	2.35644040	2.54718078	659
0.63349550	2.35644040	2.54718078	658
0.63349550	2.35644040	2.54718078	657
0.63349550	2.35644040	2.54718078	656
0.63349550	2.35644040	2.54718078	655
0.63349550	2.35644040	2.54718078	654
0.63349550	2.35644040	2.54718078	653
0.63349550	2.35644040	2.54718078	652
0.63349550	2.35644040	2.54718078	651
0.63349550	2.35644040	2.54718078	650
0.63349550	2.35644040	2.54718078	649
0.63349550	2.35644040	2.54718078	648
0.63349550	2.35644040	2.54718078	647
0.63349550	2.35644040	2.54718078	646
0.63349550	2.35644040	2.54718078	645
0.63349550	2.35644040	2.54718078	644
0.63349550	2.35644040	2.54718078	643
0.63349550	2.35644040	2.54718078	642
0.63349550	2.35644040	2.54718078	641
0.63349550	2.35644040	2.54718078	640
0.63349550	2.35644040	2.54718078	639
0.63349550	2.35644040	2.54718078	638
0.63349550	2.35644040	2.54718078	637
0.63349550	2.35644040	2.54718078	636
0.63349550	2.35644040	2.54718078	635
0.63349550	2.35644040	2.54718078	634
0.63349550	2.35644040	2.54718078	633
0.63349550	2.35644040	2.54718078	632
0.63349550	2.35644040	2.54718078	631
0.63349550	2.35644040	2.54718078	630
0.63349550	2.35644040	2.54718078	629
0.63349550	2.35644040	2.54718078	628
0.63349550	2.35644040	2.54718078	627
0.63349550	2.35644040	2.54718078	626
0.63349550	2.35644040	2.54718078	625
0.63349550	2.35644040	2.54718078	624
0.63349550	2.35644040	2.54718078	623
0.63349550	2.35644040	2.54718078	622
0.63349550	2.35644040	2.54718078	621
0.63349550	2.35644040	2.54718078	620
0.63349550	2.35644040	2.54718078	619
0.63349550	2.35644040	2.54718078	618
0.63349550	2.35644040	2.54718078	617
0.63349550	2.35644040	2.54718078	616
0.63349550	2.35644040	2.54718078	615
0.63349550	2.35644040	2.54718078	614
0.63349550	2.35644040	2.54718078	613
0.63349550	2.35644040	2.54718078	612
0.63349550	2.35644040	2.54718078	611
0.63349550	2.35644040	2.54718078	610
0.63349550	2.35644040	2.54718078	609
0.63349550	2.35644040	2.54718078	608
0.63349550	2.35644040	2.54718078	607
0.63349550	2.35644040	2.54718078	606
0.63349550	2.35644040	2.54718078	605
0.63454682	2.35839815	2.54653366	604
0.63454682	2.35839815	2.54653366	603
0.63454682	2.35839815	2.54653366	602
0.63454682	2.35839815	2.54653366	601
0.63454682	2.35839815	2.54653366	600
0.63454682	2.35839815	2.54653366	599
0.63454682	2.35839815	2.54653366	598
0.63454682	2.35839815	2.54653366	597
0.63454682	2.35839815	2.54653366	596
0.63454682	2.35839815	2.54653366	595
0.63454682	2.35839815	2.54653366	594
0.63454682	2.35839815	2.54653366	593
0.63454682	2.35839815	2.54653366	592
0.63454682	2.35839815	2.54653366	591
0.63454682	2.35839815	2.54653366	590
0.63454682	2.35839815	2.54653366	589
0.63454682	2.35839815	2.54653366	588
0.63454682	2.35839815	2.54653366	587
0.63454682	2.35839815	2.54653366	586
0.63454682	2.35839815	2.54653366	585
0.63454682	2.35839815	2.54653366	584
0.63454682	2.35839815	2.54653366	583
0.63454682	2.35839815	2.54653366	582
0.63454682	2.35839815	2.54653366	581
0.63454682	2.35839815	2.54653366	580
0.63454682	2.35839815	2.54653366	579
0.63454682	2.35839815	2.54653366	578
0.63454682	2.35839815	2.54653366	577
0.63454682	2.35839815	2.54653366	576
0.63454682	2.35839815	2.54653366	575
0.63454682	2.35839815	2.54653366	574
0.63454682	2.35839815	2.54653366	573
0.63454682	2.35839815	2.54653366	572
0.63454682	2.35839815	2.54653366	571
0.63454682	2.35839815	2.54653366	570
0.63454682	2.35839815	2.54653366	569
0.63454682	2.35839815	2.54653366	568
0.63454682	2.35839815	2.54653366	567
0.63454682	2.35839815	2.54653366	566
0.63454682	2.35839815	2.54653366	565
0.63454682	2.35839815	2.54653366	564
0.63454682	2.35839815	2.54653366	563
0.63454682	2.35839815	2.54653366	562
0.63454682	2.35839815	2.54653366	561
0.63454682	2.35839815	2.54653366	560
0.63454682	2.35839815	2.54653366	559
0.63454682	2.35839815	2.54653366	558
0.63454682	2.35839815	2.54653366	557
0.63454682	2.35839815	2.54653366	556
0.63454682	2.35839815	2.54653366	555
0.63454682	2.35839815	2.54653366	554
0.63454682	2.35839815	2.54653366	553
0.63454682	2.35839815	2.54653366	552
0.63454682	2.35839815	2.54653366	551
0.63454682	2.35839815	2.54653366	550
0.63454682	2.35839815	2.54653366	549
0.63454682	2.35839815	2.54653366	548
0.63454682	2.35839815	2.54653366	547
0.63454682	2.35839815	2.54653366	546
0.63454682	2.35839815	2.54653366	545
0.63454682	2.35839815	2.54653366	544
0.63454682	2.35839815	2.54653366	543
0.63454682	2.35839815	2.54653366	542
0.63454682	2.35839815	2.54653366	541
0.63454682	2.35839815	2.54653366	540
0.63454682	2.35839815	2.54653366	539
0.63454682	2.35839815	2.54653366	538
0.63454682	2.35839815	2.54653366	537
0.63454682	2.35839815	2.54653366	536
0.63454682	2.35839815	2.54653366	535
0.63454682	2.35839815	2.54653366	534
0.63454682	2.35839815	2.54653366	533
0.63454682	2.35839815	2.54653366	532
0.63454682	2.35839815	2.54653366	531
0.63454682	2.35839815	2.54653366	530
0.63454682	2.35839815	2.54653366	529
0.63454682	2.35839815	2.54653366	528
0.63454682	2.35839815	2.54653366	527
0.63454682	2.35839815	2.54653366	526
0.63454682	2.35839815	2.54653366	525
0.63454682	2.35839815	2.54653366	524
0.63454682	2.35839815	2.54653366	523
0.63454682	2.35839815	2.54653366	522
0.63454682	2.35839815	2.54653366	521
0.63454682	2.35839815	2.54653366	520
0.63454682	2.35839815	2.54653366	519
0.63454682	2.35839815	2.54653366	518
0.63454682	2.35839815	2.54653366	517
0.63454682	2.35839815	2.54653366	516
0.63454682	2.35839815	2.54653366	515
0.63454682	2.35839815	2.54653366	514
0.63454682	2.35839815	2.54653366	513
0.63454682	2.35839815	2.54653366	512
0.63454682	2.35839815	2.54653366	511
0.63454682	2.35839815	2.54653366	510
0.63454682	2.35839815	2.54653366	509
0.63454682	2.35839815	2.54653366	508
0.63454682	2.35839815	2.54653366	507
0.63454682	2.35839815	2.54653366	506
0.63454682	2.35839815	2.54653366	505
0.63454682	2.35839815	2.54653366	504
0.63454682	2.35839815	2.54653366	503
0.63454682	2.35839815	2.54653366	502
0.63454682	2.35839815	2.54653366	501
0.63454682	2.35839815	2.54653366	500
0.63454682	2.35839815	2.54653366	499
0.63454682	2.35839815	2.54653366	498
0.63454682	2.35839815	2.54653366	497
0.63454682	2.35839815	2.54653366	496
0.63454682	2.35839815	2.54653366	495
0.63454682	2.35839815	2.54653366	494
0.63454682	2.35839815	2.54653366	493
0.63454682	2.35839815	2.54653366	492
0.63454682	2.35839815	2.54653366	491
0.63454682	2.35839815	2.54653366	490
0.63454682	2.35839815	2.54653366	489
0.63454682	2.35839815	2.54653366	488
0.63454682	2.35839815	2.54653366	487
0.63454682	2.35839815	2.54653366	486
0.63454682	2.35839815	2.54653366	485
0.63454682	2.35839815	2.54653366	484
0.63454682	2.35839815	2.54653366	483
0.63454682	2.35839815	2.54653366	482
0.63454682	2.35839815	2.54653366	481
0.63454682	2.35839815	2.54653366	480
0.63454682	2.35839815	2.54653366	479
0.63454682	2.35839815	2.54653366	478
0.63454682	2.35839815	2.54653366	477
0.63454682	2.35839815	2.54653366	476
0.63454682	2.35839815	2.54653366	475
0.63454682	2.35839815	2.54653366	474
0.63454682	2.35839815	2.54653366	473
0.63454682	2.35839815	2.54653366	472
0.63454682	2.35839815	2.54653366	471
0.63454682	2.35839815	2.54653366	470
0.63454682	2.35839815	2.54653366	469
0.63454682	2.35839815	2.54653366	468
0.63454682	2.35839815	2.54653366	467
0.63454682	2.35839815	2.54653366	466
0.63454682	2.35839815	2.54653366	465
0.63454682	2.35839815	2.54653366	464
0.63454682	2.35839815	2.54653366	463
0.63454682	2.35839815	2.54653366	462
0.63454682	2.35839815	2.54653366	461
0.63454682	2.35839815	2.54653366	460
0.63454682	2.35839815	2.54653366	459
0.63454682	2.35839815	2.54653366	458
0.63404131	2.35807834	2.54674424	457
0.63404131	2.35807834	2.54674424	456
0.63404131	2.35807834	2.54674424	455
0.63404131	2.35807834	2.54674424	454
0.63404131	2.35807834	2.54674424	453
0.63404131	2.35807834	2.54674424	452
0.63404131	2.35807834	2.54674424	451
0.63404131	2.35807834	2.54674424	450
0.63404131	2.35807834	2.54674424	449
0.63404131	2.35807834	2.54674424	448
0.63404131	2.35807834	2.54674424	447
0.63404131	2.35807834	2.54674424	446
0.63404131	2.35807834	2.54674424	445
0.63404131	2.35807834	2.54674424	444
0.63404131	2.35807834	2.54674424	443
0.63404131	2.35807834	2.54674424	442
0.63404131	2.35807834	2.54674424	441
0.63404131	2.35807834	2.54674424	440
0.63404131	2.35807834	2.54674424	439
0.63404131	2.35807834	2.54674424	438
0.63404131	2.35807834	2.54674424	437
0.63404131	2.35807834	2.54674424	436
0.63404131	2.35807834	2.54674424	435
0.63404131	2.35807834	2.54674424	434
0.63404131	2.35807834	2.54674424	433
0.63404131	2.35807834	2.54674424	432
0.63404131	2.35807834	2.54674424	431
0.63404131	2.35807834	2.54674424	430
0.63404131	2.35807834	2.54674424	429
0.63404131	2.35807834	2.54674424	428
0.63404131	2.35807834	2.54674424	427
0.63404131	2.35807834	2.54674424	426
0.63404131	2.35807834	2.54674424	425
0.63404131	2.35807834	2.54674424	424
0.63404131	2.35807834	2.54674424	423
0.63404131	2.35807834	2.54674424	422
0.63404131	2.35807834	2.54674424	421
0.63404131	2.35807834	2.54674424	420
0.63404131	2.35807834	2.54674424	419
0.63404131	2.35807834	2.54674424	418
0.63404131	2.35807834	2.54674424	417
0.63404131	2.35807834	2.54674424	416
0.63404131	2.35807834	2.54674424	415
0.63404131	2.35807834	2.54674424	414
0.63404131	2.35807834	2.54674424	413
0.63404131	2.35807834	2.54674424	412
0.63404131	2.35807834	2.54674424	411
0.63404131	2.35807834	2.54674424	410
0.63404131	2.35807834	2.54674424	409
0.63404131	2.35807834	2.54674424	408
0.63404131	2.35807834	2.54674424	407
0.63404131	2.35807834	2.54674424	406
0.63404131	2.35807834	2.54674424	405
0.63404131	2.35807834	2.54674424	404
0.63404131	2.35807834	2.54674424	403
0.63404131	2.35807834	2.54674424	402
0.63404131	2.35807834	2.54674424	401
0.63404131	2.35807834	2.54674424	400
0.63404131	2.35807834	2.54674424	399
0.63404131	2.35807834	2.54674424	398
0.63404131	2.35807834	2.54674424	397
0.63404131	2.35807834	2.54674424	396
0.63404131	2.35807834	2.54674424	395
0.63404131	2.35807834	2.54674424	394
0.63404131	2.35807834	2.54674424	393
0.63320292	2.35239208	2.54764317	392
0.63320292	2.35239208	2.54764317	391
0.63320292	2.35239208	2.54764317	390
0.63320292	2.35239208	2.54764317	389
0.63320292	2.35239208	2.54764317	388
0.63320292	2.35239208	2.54764317	387
0.63320292	2.35239208	2.54764317	386
0.63320292	2.35239208	2.54764317	385
0.63320292	2.35239208	2.54764317	384
0.63320292	2.35239208	2.54764317	383
0.63320292	2.35239208	2.54764317	382
0.63320292	2.35239208	2.54764317	381
0.63320292	2.35239208	2.54764317	380
0.63320292	2.35239208	2.54764317	379
0.63320292	2.35239208	2.54764317	378
0.63320292	2.35239208	2.54764317	377
0.63320292	2.35239208	2.54764317	376
0.63320292	2.35239208	2.54764317	375
0.63320292	2.35239208	2.54764317	374
0.63320292	2.35239208	2.54764317	373
0.63320292	2.35239208	2.54764317	372
0.63320292	2.35239208	2.54764317	371
0.63320292	2.35239208	2.54764317	370
0.63320292	2.35239208	2.54764317	369
0.63320292	2.35239208	2.54764317	368
0.63320292	2.35239208	2.54764317	367
0.63320292	2.35239208	2.54764317	366
0.63320292	2.35239208	2.54764317	365
0.63320292	2.35239208	2.54764317	364
0.63320292	2.35239208	2.54764317	363
0.63320292	2.35239208	2.54764317	362
0.63320292	2.35239208	2.54764317	361
0.63320292	2.35239208	2.54764317	360
0.63320292	2.35239208	2.54764317	359
0.63320292	2.35239208	2.54764317	358
0.63320292	2.35239208	2.54764317	357
0.63320292	2.35239208	2.54764317	356
0.63320292	2.35239208	2.54764317	355
0.63320292	2.35239208	2.54764317	354
0.63320292	2.35239208	2.54764317	353
0.63320292	2.35239208	2.54764317	352
0.63320292	2.35239208	2.54764317	351
0.63320292	2.35239208	2.54764317	350
0.63320292	2.35239208	2.54764317	349
0.63320292	2.35239208	2.54764317	348
0.63320292	2.35239208	2.54764317	347
0.63320292	2.35239208	2.54764317	346
0.63320292	2.35239208	2.54764317	345
0.63320292	2.35239208	2.54764317	344
0.63320292	2.35239208	2.54764317	343
0.63320292	2.35239208	2.54764317	342
0.63320292	2.35239208	2.54764317	341
0.63320292	2.35239208	2.54764317	340
0.63320292	2.35239208	2.54764317	339
0.63320292	2.35239208	2.54764317	338
0.63320292	2.35239208	2.54764317	337
0.63320292	2.35239208	2.54764317	336
0.63320292	2.35239208	2.54764317	335
0.63320292	2.35239208	2.54764317	334
0.63320292	2.35239208	2.54764317	333
0.63320292	2.35239208	2.54764317	332
0.63320292	2.35239208	2.54764317	331
0.63320292	2.35239208	2.54764317	330
0.63320292	2.35239208	2.54764317	329
0.63320292	2.35239208	2.54764317	328
0.63320292	2.35239208	2.54764317	327
0.63320292	2.35239208	2.54764317	326
0.63320292	2.35239208	2.54764317	325
0.63346207	2.35376950	2.54737440	324
0.63346207	2.35376950	2.54737440	323
0.63346207	2.35376950	2.54737440	322
0.63346207	2.35376950	2.54737440	321
0.63346207	2.35376950	2.54737440	320
0.63346207	2.35376950	2.54737440	319
0.63346207	2.35376950	2.54737440	318
0.63346207	2.35376950	2.54737440	317
0.63346207	2.35376950	2.54737440	316
0.63346207	2.35376950	2.54737440	315
0.63346207	2.35376950	2.54737440	314
0.63346207	2.35376950	2.54737440	313
0.63346207	2.35376950	2.54737440	312
0.63346207	2.35376950	2.54737440	311
0.63346207	2.35376950	2.54737440	310
0.63346207	2.35376950	2.54737440	309
0.63346207	2.35376950	2.54737440	308
0.63346207	2.35376950	2.54737440	307
0.63346207	2.35376950	2.54737440	306
0.63346207	2.35376950	2.54737440	305
0.63346207	2.35376950	2.54737440	304
0.63346207	2.35376950	2.54737440	303
0.63346207	2.35376950	2.54737440	302
0.63346207	2.35376950	2.54737440	301
0.63346207	2.35376950	2.54737440	300
0.63346207	2.35376950	2.54737440	299
0.63346207	2.35376950	2.54737440	298
0.63346207	2.35376950	2.54737440	297
0.63346207	2.35376950	2.54737440	296
0.63346207	2.35376950	2.54737440	295
0.63346207	2.35376950	2.54737440	294
0.63346207	2.35376950	2.54737440	293
0.63346207	2.35376950	2.54737440	292
0.63346207	2.35376950	2.54737440	291
0.63346207	2.35376950	2.54737440	290
0.63346207	2.35376950	2.54737440	289
0.63346207	2.35376950	2.54737440	288
0.63346207	2.35376950	2.54737440	287
0.63346207	2.35376950	2.54737440	286
0.63346207	2.35376950	2.54737440	285
0.63346207	2.35376950	2.54737440	284
0.63346207	2.35376950	2.54737440	283
0.63346207	2.35376950	2.54737440	282
0.63346207	2.35376950	2.54737440	281
0.63362291	2.35573199	2.54702974	280
0.63362291	2.35573199	2.54702974	279
0.63362291	2.35573199	2.54702974	278
0.63362291	2.35573199	2.54702974	277
0.63362291	2.35573199	2.54702974	276
0.63362291	2.35573199	2.54702974	275
0.63362291	2.35573199	2.54702974	274
0.63362291	2.35573199	2.54702974	273
0.63362291	2.35573199	2.54702974	272
0.63362291	2.35573199	2.54702974	271
0.63362291	2.35573199	2.54702974	270
0.63362291	2.35573199	2.54702974	269
0.63362291	2.35573199	2.54702974	268
0.63362291	2.35573199	2.54702974	267
0.63362291	2.35573199	2.54702974	266
0.63362291	2.35573199	2.54702974	265
0.63362291	2.35573199	2.54702974	264
0.63362291	2.35573199	2.54702974	263
0.63362291	2.35573199	2.54702974	262
0.63362291	2.35573199	2.54702974	261
0.63362291	2.35573199	2.54702974	260
0.63362291	2.35573199	2.54702974	259
0.63369293	2.35539162	2.54715469	258
0.63378149	2.35568844	2.54704708	257
0.63378149	2.35567366	2.54704708	256
0.63378149	2.35567366	2.54704708	255
0.63378149	2.35567366	2.54704708	254
0.63378149	2.35567366	2.54704708	253
0.63378149	2.35567366	2.54704708	252
0.63378149	2.35567366	2.54704708	251
0.63378149	2.35567366	2.54704708	250
0.63378149	2.35567366	2.54704708	249
0.63378149	2.35567366	2.54704708	248
0.63378149	2.35567366	2.54704708	247
0.63378149	2.35567366	2.54704708	246
0.63378149	2.35567366	2.54704708	245
0.63378149	2.35567366	2.54704708	244
0.63378149	2.35567366	2.54704708	243
0.63378149	2.35567366	2.54704708	242
0.63378149	2.35567366	2.54704708	241
0.63378149	2.35567366	2.54704708	240
0.63378149	2.35567366	2.54704708	239
0.63378149	2.35567366	2.54704708	238
0.63378149	2.35567366	2.54704708	237
0.63378149	2.35567366	2.54704708	236
0.63378149	2.35567366	2.54704708	235
0.63378149	2.35567366	2.54704708	234
0.63378149	2.35567366	2.54704708	233
0.63378149	2.35567366	2.54704708	232
0.63378149	2.35567366	2.54704708	231
0.63378149	2.35567366	2.54704708	230
0.63378149	2.35567366	2.54704708	229
0.63378149	2.35567366	2.54704708	228
0.63378149	2.35567366	2.54704708	227
0.63378149	2.35567366	2.54704708	226
0.63378149	2.35567366	2.54704708	225
0.63378149	2.35567366	2.54704708	224
0.63378149	2.35567366	2.54704708	223
0.63378149	2.35567366	2.54704708	222
0.63378149	2.35567366	2.54704708	221
0.63378149	2.35567366	2.54704708	220
0.63378149	2.35567366	2.54704708	219
0.63378149	2.35567366	2.54704708	218
0.63378149	2.35567366	2.54704708	217
0.63378149	2.35567366	2.54704708	216
0.63378149	2.35567366	2.54704708	215
0.63378149	2.35567366	2.54704708	214
0.63378149	2.35567366	2.54704708	213
0.63378149	2.35567366	2.54704708	212
0.63378149	2.35567366	2.54704708	211
0.63378149	2.35567366	2.54704708	210
0.63378149	2.35567366	2.54704708	209
0.63378149	2.35567366	2.54704708	208
0.63378149	2.35567366	2.54704708	207
0.63378149	2.35567366	2.54704708	206
0.63378149	2.35567366	2.54704708	205
0.63378149	2.35567366	2.54704708	204
0.63378149	2.35567366	2.54704708	203
0.63378149	2.35567366	2.54704708	202
0.63378149	2.35567366	2.54704708	201
0.63378149	2.35567366	2.54704708	200
0.63378149	2.35567366	2.54704708	199
0.63378149	2.35567366	2.54704708	198
0.63378149	2.35567366	2.54704708	197
0.63378149	2.35567366	2.54704708	196
0.63378149	2.35567366	2.54704708	195
0.63378149	2.35567366	2.54704708	194
0.63378149	2.35567366	2.54704708	193
0.63378149	2.35567366	2.54704708	192
0.63378149	2.35567366	2.54704708	191
0.63378149	2.35567366	2.54704708	190
0.63378149	2.35567366	2.54704708	189
0.63378149	2.35567366	2.54704708	188
0.63378149	2.35567366	2.54704708	187
0.63378149	2.35567366	2.54704708	186
0.63378149	2.35567366	2.54704708	185
0.63378149	2.35567366	2.54704708	184
0.63378149	2.35567366	2.54704708	183
0.63378149	2.35567366	2.54704708	182
0.63378149	2.35567366	2.54704708	181
0.63378149	2.35567366	2.54704708	180
0.63378149	2.35567366	2.54704708	179
0.63378149	2.35567366	2.54704708	178
0.63378149	2.35567366	2.54704708	177
0.63378149	2.35567366	2.54704708	176
0.63378149	2.35567366	2.54704708	175
0.63378149	2.35567366	2.54704708	174
0.63378149	2.35567366	2.54704708	173
0.63378149	2.35567366	2.54704708	172
0.63378149	2.35567366	2.54704708	171
0.63378149	2.35567366	2.54704708	170
0.63378149	2.35567366	2.54704708	169
0.63378149	2.35567366	2.54704708	168
0.63378149	2.35567366	2.54704708	167
0.63378149	2.35567366	2.54704708	166
0.63378149	2.35567366	2.54704708	165
0.63378149	2.35567366	2.54704708	164
0.63378149	2.35567366	2.54704708	163
0.63378149	2.35567366	2.54704708	162
0.63378149	2.35567366	2.54704708	161
0.63378149	2.35567366	2.54704708	160
0.63378149	2.35567366	2.54704708	159
0.63378149	2.35567366	2.54704708	158
0.63378149	2.35567366	2.54704708	157
0.63378149	2.35567366	2.54704708	156
0.63378149	2.35567366	2.54704708	155
0.63378149	2.35567366	2.54704708	154
0.63375754	2.35639736	2.54675891	153
0.63375754	2.35639736	2.54675891	152
0.63375754	2.35639736	2.54675891	151
0.63375754	2.35639736	2.54675891	150
0.63375754	2.35639736	2.54675891	149
0.63375754	2.35639736	2.54675891	148
0.63375754	2.35639736	2.54675891	147
0.63375754	2.35639736	2.54675891	146
0.63375754	2.35639736	2.54675891	145
0.63375754	2.35639736	2.54675891	144
0.63375754	2.35639736	2.54675891	143
0.63375754	2.35639736	2.54675891	142
0.63375754	2.35639736	2.54675891	141
0.63375754	2.35639736	2.54675891	140
0.63375754	2.35639736	2.54675891	139
0.63375754	2.35639736	2.54675891	138
0.63375590	2.35597227	2.54697407	137
0.63375590	2.35597227	2.54697407	136
0.63375590	2.35597227	2.54697407	135
0.63375590	2.35597227	2.54697407	134
0.63375590	2.35597227	2.54697407	133
0.63375590	2.35597227	2.54697407	132
0.63375590	2.35597227	2.54697407	131
0.63375590	2.35597227	2.54697407	130
0.63375590	2.35597227	2.54697407	129
0.63375590	2.35597227	2.54697407	128
0.63375590	2.35597227	2.54697407	127
0.63375590	2.35597227	2.54697407	126
0.63375590	2.35597227	2.54697407	125
0.63375590	2.35597227	2.54697407	124
0.63375590	2.35597227	2.54697407	123
0.63375590	2.35597227	2.54697407	122
0.63375590	2.35597227	2.54697407	121
0.63375590	2.35597227	2.54697407	120
0.63375590	2.35597227	2.54697407	119
0.63375590	2.35597227	2.54697407	118
0.63375590	2.35597227	2.54697407	117
0.63375590	2.35597227	2.54697407	116
0.63375590	2.35597227	2.54697407	115
0.63375590	2.35597227	2.54697407	114
0.63375590	2.35597227	2.54697407	113
0.63375590	2.35597227	2.54697407	112
0.63375590	2.35597227	2.54697407	111
0.63375590	2.35597227	2.54697407	110
0.63375590	2.35597227	2.54697407	109
0.63375590	2.35597227	2.54697407	108
0.63375590	2.35597227	2.54697407	107
0.63375590	2.35597227	2.54697407	106
0.63375590	2.35597227	2.54697407	105
0.63375590	2.35597227	2.54697407	104
0.63375590	2.35597227	2.54697407	103
0.63375590	2.35597227	2.54697407	102
0.63375590	2.35597227	2.54697407	101
0.63375590	2.35597227	2.54697407	100
0.63375590	2.35597227	2.54697407	99
0.63375590	2.35597227	2.54697407	98
0.63375590	2.35597227	2.54697407	97
0.63375590	2.35597227	2.54697407	96
0.63375590	2.35597227	2.54697407	95
0.63375590	2.35597227	2.54697407	94
0.63375590	2.35597227	2.54697407	93
0.63375590	2.35597227	2.54697407	92
0.63375590	2.35597227	2.54697407	91
0.63375590	2.35597227	2.54697407	90
0.63375590	2.35597227	2.54697407	89
0.63375590	2.35597227	2.54697407	88
0.63375590	2.35597227	2.54697407	87
0.63375590	2.35597227	2.54697407	86
0.63375590	2.35597227	2.54697407	85
0.63375590	2.35597227	2.54697407	84
0.63375590	2.35597227	2.54697407	83
0.63375590	2.35597227	2.54697407	82
0.63375590	2.35597227	2.54697407	81
0.63375590	2.35597227	2.54697407	80
0.63359439	2.35518046	2.54705610	79
0.63359439	2.35518046	2.54705610	78
0.63359439	2.35518046	2.54705610	77
0.63359439	2.35518046	2.54705610	76
0.63359439	2.35518046	2.54705610	75
0.63359439	2.35518046	2.54705610	74
0.63359439	2.35518046	2.54705610	73
0.63359439	2.35518046	2.54705610	72
0.63359439	2.35518046	2.54705610	71
0.63359439	2.35518046	2.54705610	70
0.63359439	2.35518046	2.54705610	69
0.63359439	2.35518046	2.54705610	68
0.63359439	2.35518046	2.54705610	67
0.63359439	2.35518046	2.54705610	66
0.63359439	2.35518046	2.54705610	65
0.63359439	2.35518046	2.54705610	64
0.63359439	2.35518046	2.54705610	63
0.63359439	2.35518046	2.54705610	62
0.63359439	2.35518046	2.54705610	61
0.63359439	2.35518046	2.54705610	60
0.63359439	2.35518046	2.54705610	59
0.63359439	2.35518046	2.54705610	58
0.63359439	2.35518046	2.54705610	57
0.63359439	2.35518046	2.54705610	56
0.63359439	2.35518046	2.54705610	55
0.63359439	2.35518046	2.54705610	54
0.63359439	2.35518046	2.54705610	53
0.63356366	2.35512594	2.54706571	52
0.63356366	2.35512594	2.54706571	51
0.63356366	2.35512594	2.54706571	50
0.63356366	2.35512594	2.54706571	49
0.63356366	2.35512594	2.54706571	48
0.63356366	2.35512594	2.54706571	47
0.63356366	2.35512594	2.54706571	46
0.63356366	2.35512594	2.54706571	45
0.63356366	2.35512594	2.54706571	44
0.63356366	2.35512594	2.54706571	43
0.63356366	2.35512594	2.54706571	42
0.63356366	2.35512594	2.54706571	41
0.63360803	2.35507426	2.54707199	40
0.63359687	2.35509252	2.54707295	39
0.63360965	2.35517072	2.54706705	38
0.63359971	2.35517085	2.54704082	37
0.63360931	2.35528525	2.54704722	36
0.63361900	2.35542651	2.54703401	35
0.63363092	2.35542556	2.54702284	34
0.63362266	2.35546274	2.54701863	33
0.63362957	2.35546524	2.54701377	32
0.63362522	2.35549771	2.54701102	31
0.63362667	2.35551093	2.54700620	30
0.63362745	2.35551946	2.54700346	29
0.63362847	2.35551949	2.54700243	28
0.63363014	2.35555410	2.54699949	27
0.63363300	2.35555367	2.54699698	26
0.63363223	2.35557898	2.54699451	25
0.63363432	2.35557979	2.54699197	24
0.63363989	2.35559309	2.54699091	23
0.63364037	2.35559569	2.54699075	22
0.63363767	2.35559652	2.54698992	21
0.63363963	2.35559952	2.54698926	20
0.63363587	2.35561713	2.54698824	19
0.63363724	2.35563166	2.54698456	18
0.63363833	2.35564818	2.54698159	17
0.63363961	2.35566684	2.54697788	16
0.63364117	2.35566653	2.54697647	15
0.63364435	2.35567471	2.54697583	14
0.63364349	2.35567335	2.54697592	13
0.63364449	2.35567718	2.54697536	12
0.63364373	2.35567614	2.54697543	11
0.63364461	2.35567938	2.54697494	10
0.63364384	2.35567832	2.54697501	9
0.63364474	2.35568196	2.54697446	8
0.63364393	2.35568077	2.54697453	7
0.63364370	2.35568217	2.54697412	6
0.63364362	2.35568335	2.54697386	5
0.63364377	2.35568469	2.54697359	4
0.63364362	2.35568473	2.54697358	3
			2
			1
