0.49791484	7.50000000	5.00000000	1131
0.49791484	7.50000000	4.97396978	1130
0.47478153	7.50000000	4.97396978	1129
0.47478153	7.41689370	4.97396978	1128
0.43009196	7.41689370	4.97396978	1127
0.43009196	7.35436254	4.97396978	1126
0.43009196	7.35436254	4.97396978	1125
0.35296020	7.35436254	4.97396978	1124
0.35296020	7.35436254	4.88355552	1123
0.35296020	7.35436254	4.88355552	1122
0.35296020	7.35436254	4.88355552	1121
0.35296020	7.35436254	4.88355552	1120
0.26578673	7.35436254	4.88355552	1119
0.26578673	7.35436254	4.88355552	1118
0.26578673	7.35436254	4.78438239	1117
0.26578673	7.35436254	4.78438239	1116
0.26578673	7.35436254	4.71902921	1115
0.26578673	7.35436254	4.71902921	1114
0.26578673	7.35436254	4.70140108	1113
0.16986898	7.35436254	4.70140108	1112
0.16986898	7.35436254	4.68876900	1111
0.08021864	7.35436254	4.68876900	1110
0.08021864	7.35436254	4.60880494	1109
0.08021864	7.35436254	4.56979694	1108
0.08021864	7.27311375	4.56979694	1107
0.08021864	7.27311375	4.56979694	1106
0.08021864	7.21313359	4.56979694	1105
0.03515615	7.21313359	4.56979694	1104
0.03515615	7.17280887	4.56979694	1103
0.03515615	7.17280887	4.56979694	1102
0.03515615	7.17280887	4.56979694	1101
0.03515615	7.17280887	4.56979694	1100
0.03515615	7.17280887	4.56979694	1099
0.00313314	7.17280887	4.56979694	1098
0.00313314	7.13374710	4.56979694	1097
0.00313314	7.13374710	4.55357249	1096
0.00313314	7.13374710	4.55357249	1095
0.00313314	7.07885959	4.55357249	1094
0.00313314	7.07885959	4.51249404	1093
0.00313314	7.07885959	4.51249404	1092
0.00313314	7.07885959	4.45281324	1091
0.00313314	7.07885959	4.45281324	1090
0.00313314	7.07806593	4.45281324	1089
0.00313314	7.07806593	4.44839187	1088
0.00313314	7.07806593	4.44839187	1087
0.00313314	7.05237023	4.44839187	1086
0.00313314	6.99919809	4.44839187	1085
0.00313314	6.99919809	4.41114974	1084
0.00313314	6.98307999	4.41114974	1083
0.00313314	6.98307999	4.40238488	1082
0.00313314	6.98307999	4.40238488	1081
0.00313314	6.97492379	4.40238488	1080
0.00313314	6.96751398	4.40238488	1079
0.00313314	6.96751398	4.40238488	1078
0.00313314	6.94210266	4.40238488	1077
0.00313314	6.94210266	4.40238488	1076
0.00313314	6.92513891	4.40238488	1075
0.00313314	6.89135226	4.40238488	1074
0.00313314	6.89135226	4.40238488	1073
0.00313314	6.83585008	4.40238488	1072
0.00313314	6.83585008	4.32564202	1071
0.00313314	6.83585008	4.32564202	1070
0.00313314	6.78987879	4.32564202	1069
0.00313314	6.78987879	4.28576276	1068
0.00313314	6.78987879	4.28576276	1067
0.00313314	6.78987879	4.27249641	1066
0.00313314	6.78987879	4.27249641	1065
0.00313314	6.78987879	4.27249641	1064
0.00313314	6.75186915	4.27249641	1063
0.00313314	6.75186915	4.26005057	1062
0.00213512	6.75186915	4.26005057	1061
0.00213512	6.72393602	4.26005057	1060
0.00213512	6.72393602	4.26005057	1059
0.00213512	6.66472149	4.26005057	1058
0.00213512	6.66472149	4.16977503	1057
0.00213512	6.66472149	4.10808916	1056
0.00213512	6.61574721	4.10808916	1055
0.00213512	6.61574721	4.03460223	1054
0.00135467	6.61574721	4.03460223	1053
0.00135467	6.55358342	4.03460223	1052
0.00135467	6.55358342	4.02351866	1051
0.00135467	6.50009594	4.02351866	1050
0.00135467	6.43128892	4.02351866	1049
0.00135467	6.43128892	3.92877712	1048
0.00135467	6.43128892	3.92877712	1047
0.00135467	6.43128892	3.91325578	1046
0.00135467	6.41746919	3.91325578	1045
0.00135467	6.41746919	3.84428810	1044
0.00135467	6.41746919	3.78755697	1043
0.00135467	6.38804370	3.78755697	1042
0.00135467	6.38804370	3.75899995	1041
0.00135467	6.38804370	3.73957170	1040
0.00135467	6.33745743	3.73957170	1039
0.00135467	6.28285457	3.73957170	1038
0.00135467	6.28285457	3.73957170	1037
0.00135467	6.21667952	3.73957170	1036
0.00135467	6.16342942	3.73957170	1035
0.00135467	6.16342942	3.70325588	1034
0.00135467	6.12597433	3.70325588	1033
0.00135467	6.10069005	3.70325588	1032
0.00135467	6.10069005	3.61945304	1031
0.00135467	6.03738507	3.61945304	1030
0.00135467	6.03738507	3.56824260	1029
0.00135467	5.99811575	3.56824260	1028
0.00059919	5.99811575	3.56824260	1027
0.00059919	5.99811575	3.49928871	1026
0.00059919	5.99811575	3.49928871	1025
0.00059919	5.99442584	3.49928871	1024
0.00059919	5.99442584	3.42362431	1023
0.00021644	5.99442584	3.42362431	1022
0.00021644	5.99442584	3.40277511	1021
0.00021644	5.97523100	3.40277511	1020
0.00021644	5.91345891	3.40277511	1019
0.00021644	5.87813687	3.40277511	1018
0.00021644	5.84522155	3.40277511	1017
0.00021644	5.84522155	3.32122986	1016
0.00021644	5.78786744	3.32122986	1015
0.00021644	5.74690505	3.32122986	1014
0.00021644	5.74690505	3.29787997	1013
0.00021644	5.67940302	3.29787997	1012
0.00021644	5.67940302	3.26883105	1011
0.00021644	5.67940302	3.26883105	1010
0.00021644	5.62058641	3.26883105	1009
0.00021644	5.62058641	3.20328434	1008
0.00009763	5.62058641	3.20328434	1007
0.00009763	5.62058641	3.17268018	1006
0.00009763	5.59286413	3.17268018	1005
0.00009763	5.59286413	3.09484915	1004
0.00009763	5.59286413	3.09484915	1003
0.00009763	5.58328828	3.09484915	1002
0.00009763	5.51552798	3.09484915	1001
0.00009763	5.51552798	3.09484915	1000
0.00009763	5.43255070	3.09484915	999
0.00009763	5.43084062	3.09484915	998
0.00009763	5.43084062	3.09484915	997
0.00009763	5.36668349	3.09484915	996
0.00009763	5.36668349	3.09484915	995
0.00009763	5.36668349	3.07766632	994
0.00009763	5.36668349	3.07766632	993
0.00009763	5.31483321	3.07766632	992
0.00009763	5.31483321	3.03837987	991
0.00009763	5.31483321	3.03837987	990
0.00009763	5.24163194	3.03837987	989
0.00009763	5.19612831	2.99561184	988
0.00009763	5.11615374	2.93160832	987
0.00009763	5.11615374	2.93160832	986
0.00073260	4.89783432	2.82723166	985
0.00073260	5.05674626	2.82723166	984
0.00073260	5.05674626	2.82723166	983
0.00001914	6.17148836	3.00213207	982
0.00001914	6.49085419	3.00213207	981
0.00001914	6.96270676	2.96057079	980
0.00001914	6.96270676	2.96057079	979
0.00001914	7.40161330	2.96057079	978
0.00001914	7.40161330	2.96057079	977
0.00001914	7.39918343	2.96057079	976
0.00001914	7.39918343	2.96057079	975
0.00001914	7.33159597	2.95515361	974
0.00001914	7.61997815	2.90783433	973
0.00001914	7.61997815	2.90783433	972
0.00001914	7.61997815	2.91607520	971
0.00001914	7.72070513	2.91607520	970
0.00001914	7.72070513	2.91607520	969
0.00006793	8.06568595	2.83220097	968
0.00006793	8.06568595	2.83220097	967
0.00006793	7.76926562	2.83220097	966
0.00006793	7.76926562	2.83220097	965
0.00006793	7.76926562	2.83220097	964
0.00006793	7.76926562	2.83220097	963
0.00006793	7.76926562	2.83220097	962
0.00044252	11.30506204	2.55583791	961
0.00044252	11.30506204	2.55583791	960
0.00070404	11.30506204	2.55583791	959
0.00070404	11.30506204	2.55583791	958
0.00084139	11.15432812	2.55583791	957
0.00084139	11.15432812	2.55583791	956
0.00200793	9.49626992	2.55583791	955
0.00220700	9.50520254	2.55583791	954
0.00256732	9.17341351	2.55583791	953
0.00256732	9.17494881	2.55583791	952
0.00280169	9.17494881	2.55583791	951
0.00280169	9.17494881	2.55583791	950
0.00382818	8.80852436	2.55583791	949
0.00382818	8.80852436	2.55583791	948
0.00477662	8.94314930	2.54616034	947
0.00477662	8.94314930	2.54473738	946
0.00477662	8.94314930	2.54473738	945
0.00528985	8.94314930	2.54136786	944
0.00528985	8.94314930	2.54136786	943
0.00530815	8.65164422	2.55028738	942
0.00530815	8.65164422	2.55007988	941
0.00530815	8.65164422	2.55007988	940
0.00628295	7.93553833	2.55007988	939
0.00628295	7.93553833	2.56368470	938
0.00628295	7.93553833	2.56368470	937
0.00654302	7.93553833	2.56368470	936
0.00809309	7.93553833	2.54704117	935
0.00809309	7.93553833	2.54704117	934
0.00959618	7.93553833	2.54704117	933
0.00959618	7.31845124	2.54704117	932
0.00959618	7.31845124	2.54704117	931
0.00959618	7.31845124	2.55087722	930
0.00973270	7.31845124	2.55087722	929
0.01102836	7.20494278	2.56479199	928
0.01102836	7.20494278	2.56194985	927
0.01102836	7.20494278	2.56194985	926
0.01108375	7.20494278	2.56194985	925
0.01108375	7.20494278	2.54830527	924
0.01273912	7.20494278	2.54830527	923
0.01273912	7.20494278	2.54830527	922
0.01273912	7.76715564	2.52862601	921
0.01424890	7.76715564	2.52862601	920
0.01424890	7.01593567	2.54610775	919
0.01628496	7.01593567	2.54610775	918
0.01628496	7.01593567	2.54610775	917
0.01663357	7.01593567	2.54610775	916
0.01663357	7.01593567	2.54610775	915
0.01814124	7.01593567	2.54610775	914
0.01814124	6.60778112	2.54610775	913
0.02062611	6.15368188	2.55500923	912
0.02062611	6.15368188	2.55500923	911
0.02062611	6.15368188	2.55500923	910
0.02065871	7.42426990	2.51043999	909
0.02349048	7.83053167	2.48061645	908
0.02858274	7.83053167	2.48061645	907
0.02858274	7.83053167	2.48577131	906
0.02858274	7.83053167	2.48577131	905
0.03110666	7.83053167	2.48577131	904
0.03110666	7.17242197	2.48577131	903
0.03110666	7.17242197	2.48577131	902
0.03283874	7.17242197	2.48577131	901
0.03283874	7.05171425	2.49414743	900
0.03447803	7.05171425	2.49414743	899
0.03447803	7.05171425	2.49414743	898
0.03491834	7.05171425	2.49414743	897
0.03543897	7.05171425	2.49237416	896
0.03895119	7.08508131	2.49448563	895
0.03895119	7.08508131	2.49448563	894
0.04223418	7.19818469	2.49448563	893
0.04223418	7.36740875	2.47321951	892
0.04223418	7.36740875	2.47321951	891
0.04223418	7.36740875	2.47321951	890
0.04223418	6.46224289	2.48353580	889
0.04223418	6.46224289	2.50102725	888
0.04223418	6.46224289	2.50102725	887
0.04300038	6.46224289	2.50102725	886
0.04623193	5.84377724	2.51786970	885
0.05372298	6.00417203	2.51786970	884
0.05372298	5.94018055	2.51786970	883
0.06101956	5.94018055	2.51786970	882
0.06101956	5.94018055	2.51786970	881
0.05887061	4.97537469	2.53406931	880
0.06438905	4.89244297	2.53406931	879
0.07226604	4.72406522	2.50565502	878
0.07226604	5.49507117	2.50565502	877
0.07226604	5.49507117	2.50565502	876
0.07552736	5.49507117	2.50565502	875
0.08401655	5.81491901	2.50650032	874
0.08401655	5.81491901	2.48825087	873
0.08444367	5.81491901	2.48825087	872
0.08444367	5.81491901	2.48825087	871
0.09156048	5.81491901	2.48825087	870
0.09156048	5.22003714	2.48825087	869
0.09156048	5.22003714	2.48825087	868
0.09266881	5.22003714	2.48825087	867
0.09266881	5.10565338	2.50779598	866
0.10260647	5.10565338	2.50779598	865
0.11188554	4.20094103	2.52083611	864
0.11440220	4.20094103	2.52083611	863
0.11865363	3.61551459	2.53403245	862
0.11865363	3.61551459	2.53403245	861
0.13022044	3.61551459	2.53403245	860
0.13022044	3.91724665	2.53403245	859
0.14116937	2.89557266	2.53403245	858
0.14116937	2.35195636	2.53403245	857
0.14116937	2.35195636	2.59190379	856
0.14116937	2.35195636	2.59190379	855
0.15143054	2.35195636	2.59190379	854
0.15143054	2.35195636	2.58456050	853
0.16414072	2.95270835	2.58456050	852
0.16414072	1.93912877	2.58456050	851
0.17744891	1.93912877	2.58456050	850
0.17744891	1.93912877	2.62731921	849
0.18646110	1.93912877	2.62731921	848
0.18646110	1.85688575	2.62731921	847
0.18646110	1.85688575	2.62731921	846
0.18646110	1.43773100	2.62731921	845
0.18646110	1.43773100	2.65882332	844
0.18646110	1.43773100	2.65882332	843
0.19308351	1.43773100	2.64445036	842
0.19308351	0.97498202	2.64445036	841
0.19308351	0.97498202	2.70273781	840
0.19308351	0.97498202	2.70273781	839
0.18441329	0.72919175	2.70273781	838
0.18441329	0.72919175	2.68010178	837
0.17170209	0.72919175	2.68010178	836
0.17170209	0.72919175	2.70508637	835
0.17170209	0.72919175	2.70508637	834
0.19492055	0.78034198	2.62760483	833
0.20009128	0.78034198	2.62760483	832
0.20009128	0.78034198	2.71786971	831
0.20009128	0.78034198	2.76239897	830
0.20009128	0.78034198	2.76239897	829
0.16248821	0.74739935	3.08241789	828
0.16248821	0.74739935	3.08241789	827
0.16248821	0.74739935	3.08241789	826
0.16248821	0.74739935	3.08241789	825
0.16248821	0.74739935	3.08241789	824
0.16248821	0.74739935	3.08241789	823
0.16248821	0.74739935	3.08241789	822
0.16248821	0.74739935	3.08241789	821
0.16248821	0.74739935	3.08241789	820
0.16248821	0.74739935	3.08241789	819
0.16248821	0.74739935	3.08241789	818
0.16248821	0.74739935	3.08241789	817
0.16248821	0.74739935	3.08241789	816
0.17886090	0.78124088	3.19124081	815
0.19254629	0.79822399	3.19124081	814
0.19254629	0.83917649	3.11256705	813
0.19254629	0.83917649	3.11256705	812
0.20949087	0.89825520	3.11256705	811
0.20949087	0.89825520	3.11256705	810
0.19983893	0.86333082	3.35405036	809
0.21818016	0.86333082	3.35405036	808
0.22044271	0.91127754	3.35405036	807
0.22044271	0.91127754	3.18568423	806
0.22044271	0.91127754	3.18568423	805
0.23181042	0.92014793	3.18568423	804
0.23181042	0.92014793	3.21249483	803
0.23181042	0.92014793	3.21249483	802
0.23181042	0.92014793	3.21249483	801
0.24026335	0.91312845	3.21249483	800
0.25648486	0.93107963	3.26860522	799
0.26032070	0.93667537	3.26860522	798
0.26032070	0.99793997	3.20290299	797
0.26221165	0.98810707	3.16131417	796
0.26221165	0.98810707	3.16131417	795
0.28177531	1.05556363	2.99961177	794
0.28177531	1.05556363	2.99961177	793
0.28177531	1.05556363	3.12482639	792
0.28177531	1.05556363	3.12482639	791
0.30701443	1.08789069	2.99097490	790
0.30701443	1.08789069	2.99097490	789
0.30184166	1.08789069	3.11962919	788
0.31222305	1.08674975	3.11962919	787
0.31222305	1.08674975	3.11962919	786
0.32364128	1.05570851	3.18541212	785
0.32364128	1.05570851	3.18541212	784
0.33200713	1.05570851	3.18541212	783
0.36965856	1.10061310	3.18541212	782
0.36965856	1.08257157	3.18541212	781
0.35711884	1.10091579	3.17127717	780
0.38050129	1.10091579	3.17127717	779
0.38050129	1.10091579	3.17127717	778
0.38050129	1.10091579	3.17127717	777
0.35447343	1.12933331	3.08526529	776
0.37532303	1.13443010	3.06637634	775
0.37532303	1.14728196	3.06637634	774
0.37532303	1.14728196	3.06637634	773
0.37532303	1.15354219	3.08416608	772
0.37532303	1.15354219	3.08416608	771
0.37532303	1.15354219	3.08416608	770
0.37532303	1.15354219	3.08416608	769
0.37532303	1.15354219	3.08416608	768
0.37951446	1.31183043	2.84835857	767
0.37951446	1.31183043	2.89574934	766
0.41715027	1.31183043	2.89574934	765
0.41715027	1.31183043	2.89574934	764
0.43848377	1.38113283	2.84558696	763
0.44937574	1.38113283	2.90111813	762
0.46092565	1.40043210	2.83984924	761
0.47168848	1.40043210	2.83984924	760
0.45541571	1.41930889	2.86215762	759
0.48220654	1.44905748	2.86215762	758
0.46636653	1.53408788	2.76641415	757
0.46636653	1.53408788	2.76641415	756
0.48129500	1.66030744	2.68063284	755
0.51150977	1.66030744	2.68063284	754
0.51150977	1.75939532	2.68063284	753
0.57492061	1.83291343	2.68063284	752
0.57492061	1.83291343	2.68063284	751
0.56328565	1.97726473	2.62879675	750
0.56328565	1.97726473	2.62879675	749
0.59304116	1.93073295	2.66566788	748
0.59907754	2.00454709	2.60237271	747
0.59907754	2.00454709	2.60237271	746
0.64011340	2.11081550	2.57897160	745
0.64011340	2.20535139	2.57897160	744
0.64011340	2.20535139	2.57656514	743
0.64011340	2.20535139	2.57656514	742
0.64625286	2.43557028	2.54212373	741
0.62009045	2.33506837	2.55541798	740
0.62009045	2.33506837	2.55541798	739
0.62009045	2.33506837	2.55541798	738
0.62009045	2.33506837	2.55541798	737
0.62009045	2.33506837	2.55541798	736
0.65417735	2.41811845	2.53513056	735
0.63280600	2.44098096	2.53355808	734
0.64346645	2.44098096	2.53355808	733
0.64346645	2.44098096	2.53355808	732
0.64346645	2.44098096	2.53355808	731
0.64346645	2.44098096	2.53355808	730
0.63129349	2.37403537	2.54246941	729
0.63129349	2.37403537	2.54246941	728
0.63129349	2.37403537	2.54246941	727
0.63129349	2.37403537	2.54246941	726
0.63129349	2.37403537	2.54246941	725
0.63129349	2.37403537	2.54246941	724
0.64132300	2.36619076	2.54620270	723
0.64132300	2.36619076	2.54620270	722
0.64132300	2.36619076	2.54620270	721
0.64132300	2.36619076	2.54620270	720
0.64132300	2.36619076	2.54620270	719
0.64132300	2.36619076	2.54620270	718
0.64132300	2.36619076	2.54620270	717
0.64132300	2.36619076	2.54620270	716
0.64132300	2.36619076	2.54620270	715
0.64132300	2.36619076	2.54620270	714
0.64132300	2.36619076	2.54620270	713
0.63048195	2.32194635	2.54945954	712
0.63048195	2.32194635	2.54945954	711
0.63048195	2.32194635	2.54945954	710
0.63048195	2.32194635	2.54945954	709
0.63048195	2.32194635	2.54945954	708
0.63048195	2.32194635	2.54945954	707
0.63048195	2.32194635	2.54945954	706
0.63048195	2.32194635	2.54945954	705
0.63048195	2.32194635	2.54945954	704
0.63048195	2.32194635	2.54945954	703
0.63048195	2.32194635	2.54945954	702
0.63048195	2.32194635	2.54945954	701
0.63048195	2.32194635	2.54945954	700
0.63048195	2.32194635	2.54945954	699
0.63048195	2.32194635	2.54945954	698
0.63048195	2.32194635	2.54945954	697
0.63048195	2.32194635	2.54945954	696
0.63048195	2.32194635	2.54945954	695
0.63048195	2.32194635	2.54945954	694
0.63048195	2.32194635	2.54945954	693
0.63048195	2.32194635	2.54945954	692
0.63048195	2.32194635	2.54945954	691
0.63048195	2.32194635	2.54945954	690
0.63048195	2.32194635	2.54945954	689
0.63048195	2.32194635	2.54945954	688
0.64182791	2.41240155	2.53706551	687
0.64182791	2.41240155	2.53706551	686
0.62985587	2.31134068	2.55389770	685
0.62985587	2.31134068	2.55389770	684
0.62985587	2.31134068	2.55389770	683
0.62985587	2.31134068	2.55389770	682
0.62985587	2.31134068	2.55389770	681
0.62985587	2.31134068	2.55389770	680
0.62985587	2.31134068	2.55389770	679
0.62985587	2.31134068	2.55389770	678
0.63733976	2.38729064	2.54163318	677
0.63733976	2.38729064	2.54163318	676
0.63733976	2.38729064	2.54163318	675
0.63733976	2.38729064	2.54163318	674
0.63733976	2.38729064	2.54163318	673
0.63733976	2.38729064	2.54163318	672
0.63733976	2.38729064	2.54163318	671
0.63733976	2.38729064	2.54163318	670
0.63733976	2.38729064	2.54163318	669
0.63733976	2.38729064	2.54163318	668
0.63733976	2.38729064	2.54163318	667
0.63733976	2.38729064	2.54163318	666
0.63733976	2.38729064	2.54163318	665
0.63733976	2.38729064	2.54163318	664
0.63733976	2.38729064	2.54163318	663
0.63733976	2.38729064	2.54163318	662
0.63733976	2.38729064	2.54163318	661
0.63733976	2.38729064	2.54163318	660
0.63733976	2.38729064	2.54163318	659
0.63733976	2.38729064	2.54163318	658
0.63733976	2.38729064	2.54163318	657
0.63733976	2.38729064	2.54163318	656
0.63733976	2.38729064	2.54163318	655
0.63733976	2.38729064	2.54163318	654
0.63733976	2.38729064	2.54163318	653
0.63733976	2.38729064	2.54163318	652
0.63733976	2.38729064	2.54163318	651
0.63733976	2.38729064	2.54163318	650
0.63733976	2.38729064	2.54163318	649
0.63733976	2.38729064	2.54163318	648
0.63733976	2.38729064	2.54163318	647
0.63733976	2.38729064	2.54163318	646
0.63733976	2.38729064	2.54163318	645
0.63733976	2.38729064	2.54163318	644
0.63733976	2.38729064	2.54163318	643
0.63733976	2.38729064	2.54163318	642
0.63733976	2.38729064	2.54163318	641
0.63733976	2.38729064	2.54163318	640
0.63733976	2.38729064	2.54163318	639
0.63733976	2.38729064	2.54163318	638
0.63733976	2.38729064	2.54163318	637
0.63733976	2.38729064	2.54163318	636
0.63733976	2.38729064	2.54163318	635
0.63733976	2.38729064	2.54163318	634
0.63733976	2.38729064	2.54163318	633
0.63733976	2.38729064	2.54163318	632
0.63733976	2.38729064	2.54163318	631
0.63201249	2.36309765	2.54494842	630
0.63800101	2.36309765	2.54494842	629
0.63800101	2.36309765	2.54494842	628
0.63800101	2.36309765	2.54494842	627
0.63800101	2.36309765	2.54494842	626
0.63800101	2.36309765	2.54494842	625
0.63800101	2.36309765	2.54494842	624
0.63800101	2.36309765	2.54494842	623
0.63800101	2.36309765	2.54494842	622
0.63800101	2.36309765	2.54494842	621
0.63800101	2.36309765	2.54494842	620
0.63800101	2.36309765	2.54494842	619
0.63800101	2.36309765	2.54494842	618
0.63800101	2.36309765	2.54494842	617
0.63800101	2.36309765	2.54494842	616
0.63800101	2.36309765	2.54494842	615
0.63800101	2.36309765	2.54494842	614
0.63800101	2.36309765	2.54494842	613
0.63800101	2.36309765	2.54494842	612
0.63800101	2.36309765	2.54494842	611
0.63800101	2.36309765	2.54494842	610
0.63800101	2.36309765	2.54494842	609
0.63800101	2.36309765	2.54494842	608
0.63800101	2.36309765	2.54494842	607
0.63800101	2.36309765	2.54494842	606
0.63800101	2.36309765	2.54494842	605
0.63800101	2.36309765	2.54494842	604
0.63800101	2.36309765	2.54494842	603
0.63800101	2.36309765	2.54494842	602
0.63800101	2.36309765	2.54494842	601
0.63800101	2.36309765	2.54494842	600
0.63800101	2.36309765	2.54494842	599
0.63800101	2.36309765	2.54494842	598
0.63800101	2.36309765	2.54494842	597
0.63800101	2.36309765	2.54494842	596
0.63800101	2.36309765	2.54494842	595
0.63800101	2.36309765	2.54494842	594
0.63800101	2.36309765	2.54494842	593
0.63800101	2.36309765	2.54494842	592
0.63800101	2.36309765	2.54494842	591
0.63800101	2.36309765	2.54494842	590
0.63800101	2.36309765	2.54494842	589
0.63800101	2.36309765	2.54494842	588
0.63800101	2.36309765	2.54494842	587
0.63800101	2.36309765	2.54494842	586
0.63309444	2.35165106	2.54745759	585
0.63309444	2.35165106	2.54745759	584
0.63309444	2.35165106	2.54745759	583
0.63309444	2.35165106	2.54745759	582
0.63309444	2.35165106	2.54745759	581
0.63309444	2.35165106	2.54745759	580
0.63309444	2.35165106	2.54745759	579
0.63309444	2.35165106	2.54745759	578
0.63309444	2.35165106	2.54745759	577
0.63309444	2.35165106	2.54745759	576
0.63309444	2.35165106	2.54745759	575
0.63309444	2.35165106	2.54745759	574
0.63309444	2.35165106	2.54745759	573
0.63309444	2.35165106	2.54745759	572
0.63309444	2.35165106	2.54745759	571
0.63309444	2.35165106	2.54745759	570
0.63309444	2.35165106	2.54745759	569
0.63309444	2.35165106	2.54745759	568
0.63309444	2.35165106	2.54745759	567
0.63309444	2.35165106	2.54745759	566
0.63309444	2.35165106	2.54745759	565
0.63309444	2.35165106	2.54745759	564
0.63309444	2.35165106	2.54745759	563
0.63309444	2.35165106	2.54745759	562
0.63309444	2.35165106	2.54745759	561
0.63309444	2.35165106	2.54745759	560
0.63309444	2.35165106	2.54745759	559
0.63309444	2.35165106	2.54745759	558
0.63309444	2.35165106	2.54745759	557
0.63309444	2.35165106	2.54745759	556
0.63309444	2.35165106	2.54745759	555
0.63309444	2.35165106	2.54745759	554
0.63309444	2.35165106	2.54745759	553
0.63309444	2.35165106	2.54745759	552
0.63309444	2.35165106	2.54745759	551
0.63309444	2.35165106	2.54745759	550
0.63309444	2.35165106	2.54745759	549
0.63309444	2.35165106	2.54745759	548
0.63309444	2.35165106	2.54745759	547
0.63309444	2.35165106	2.54745759	546
0.63309444	2.35165106	2.54745759	545
0.63309444	2.35165106	2.54745759	544
0.63309444	2.35165106	2.54745759	543
0.63309444	2.35165106	2.54745759	542
0.63309444	2.35165106	2.54745759	541
0.63309444	2.35165106	2.54745759	540
0.63309444	2.35165106	2.54745759	539
0.63309444	2.35165106	2.54745759	538
0.63309444	2.35165106	2.54745759	537
0.63309444	2.35165106	2.54745759	536
0.63309444	2.35165106	2.54745759	535
0.63309444	2.35165106	2.54745759	534
0.63309444	2.35165106	2.54745759	533
0.63309444	2.35165106	2.54745759	532
0.63309444	2.35165106	2.54745759	531
0.63309444	2.35165106	2.54745759	530
0.63309444	2.35165106	2.54745759	529
0.63309444	2.35165106	2.54745759	528
0.63309444	2.35165106	2.54745759	527
0.63309444	2.35165106	2.54745759	526
0.63309444	2.35165106	2.54745759	525
0.63309444	2.35165106	2.54745759	524
0.63309444	2.35165106	2.54745759	523
0.63309444	2.35165106	2.54745759	522
0.63309444	2.35165106	2.54745759	521
0.63309444	2.35165106	2.54745759	520
0.63309444	2.35165106	2.54745759	519
0.63309444	2.35165106	2.54745759	518
0.63309444	2.35165106	2.54745759	517
0.63309444	2.35165106	2.54745759	516
0.63309444	2.35165106	2.54745759	515
0.63309444	2.35165106	2.54745759	514
0.63309444	2.35165106	2.54745759	513
0.63309444	2.35165106	2.54745759	512
0.63309444	2.35165106	2.54745759	511
0.63309444	2.35165106	2.54745759	510
0.63309444	2.35165106	2.54745759	509
0.63309444	2.35165106	2.54745759	508
0.63309444	2.35165106	2.54745759	507
0.63309444	2.35165106	2.54745759	506
0.63309444	2.35165106	2.54745759	505
0.63309444	2.35165106	2.54745759	504
0.63309444	2.35165106	2.54745759	503
0.63309444	2.35165106	2.54745759	502
0.63309444	2.35165106	2.54745759	501
0.63309444	2.35165106	2.54745759	500
0.63309444	2.35165106	2.54745759	499
0.63309444	2.35165106	2.54745759	498
0.63309444	2.35165106	2.54745759	497
0.63309444	2.35165106	2.54745759	496
0.63309444	2.35165106	2.54745759	495
0.63309444	2.35165106	2.54745759	494
0.63309444	2.35165106	2.54745759	493
0.63309444	2.35165106	2.54745759	492
0.63309444	2.35165106	2.54745759	491
0.63309444	2.35165106	2.54745759	490
0.63309444	2.35165106	2.54745759	489
0.63309444	2.35165106	2.54745759	488
0.63309444	2.35165106	2.54745759	487
0.63309444	2.35165106	2.54745759	486
0.63309444	2.35165106	2.54745759	485
0.63309444	2.35165106	2.54745759	484
0.63309444	2.35165106	2.54745759	483
0.63309444	2.35165106	2.54745759	482
0.63309444	2.35165106	2.54745759	481
0.63309444	2.35165106	2.54745759	480
0.63309444	2.35165106	2.54745759	479
0.63309444	2.35165106	2.54745759	478
0.63309444	2.35165106	2.54745759	477
0.63309444	2.35165106	2.54745759	476
0.63309444	2.35165106	2.54745759	475
0.63309444	2.35165106	2.54745759	474
0.63309444	2.35165106	2.54745759	473
0.63309444	2.35165106	2.54745759	472
0.63309444	2.35165106	2.54745759	471
0.63309444	2.35165106	2.54745759	470
0.63309444	2.35165106	2.54745759	469
0.63309444	2.35165106	2.54745759	468
0.63309444	2.35165106	2.54745759	467
0.63309444	2.35165106	2.54745759	466
0.63309444	2.35165106	2.54745759	465
0.63309444	2.35165106	2.54745759	464
0.63309444	2.35165106	2.54745759	463
0.63309444	2.35165106	2.54745759	462
0.63309444	2.35165106	2.54745759	461
0.63309444	2.35165106	2.54745759	460
0.63309444	2.35165106	2.54745759	459
0.63309444	2.35165106	2.54745759	458
0.63309444	2.35165106	2.54745759	457
0.63309444	2.35165106	2.54745759	456
0.63309444	2.35165106	2.54745759	455
0.63309444	2.35165106	2.54745759	454
0.63309444	2.35165106	2.54745759	453
0.63309444	2.35165106	2.54745759	452
0.63309444	2.35165106	2.54745759	451
0.63309444	2.35165106	2.54745759	450
0.63309444	2.35165106	2.54745759	449
0.63309444	2.35165106	2.54745759	448
0.63309444	2.35165106	2.54745759	447
0.63309444	2.35165106	2.54745759	446
0.63309444	2.35165106	2.54745759	445
0.63309444	2.35165106	2.54745759	444
0.63309444	2.35165106	2.54745759	443
0.63309444	2.35165106	2.54745759	442
0.63309444	2.35165106	2.54745759	441
0.63309444	2.35165106	2.54745759	440
0.63309444	2.35165106	2.54745759	439
0.63309444	2.35165106	2.54745759	438
0.63309444	2.35165106	2.54745759	437
0.63309444	2.35165106	2.54745759	436
0.63309444	2.35165106	2.54745759	435
0.63309444	2.35165106	2.54745759	434
0.63309444	2.35165106	2.54745759	433
0.63309444	2.35165106	2.54745759	432
0.63309444	2.35165106	2.54745759	431
0.63309444	2.35165106	2.54745759	430
0.63309444	2.35165106	2.54745759	429
0.63309444	2.35165106	2.54745759	428
0.63309444	2.35165106	2.54745759	427
0.63309444	2.35165106	2.54745759	426
0.63309444	2.35165106	2.54745759	425
0.63309444	2.35165106	2.54745759	424
0.63309444	2.35165106	2.54745759	423
0.63309444	2.35165106	2.54745759	422
0.63309444	2.35165106	2.54745759	421
0.63309444	2.35165106	2.54745759	420
0.63309444	2.35165106	2.54745759	419
0.63309444	2.35165106	2.54745759	418
0.63309444	2.35165106	2.54745759	417
0.63309444	2.35165106	2.54745759	416
0.63309444	2.35165106	2.54745759	415
0.63309444	2.35165106	2.54745759	414
0.63309444	2.35165106	2.54745759	413
0.63309444	2.35165106	2.54745759	412
0.63309444	2.35165106	2.54745759	411
0.63309444	2.35165106	2.54745759	410
0.63309444	2.35165106	2.54745759	409
0.63309444	2.35165106	2.54745759	408
0.63309444	2.35165106	2.54745759	407
0.63309444	2.35165106	2.54745759	406
0.63309444	2.35165106	2.54745759	405
0.63309444	2.35165106	2.54745759	404
0.63309444	2.35165106	2.54745759	403
0.63309444	2.35165106	2.54745759	402
0.63309444	2.35165106	2.54745759	401
0.63309444	2.35165106	2.54745759	400
0.63309444	2.35165106	2.54745759	399
0.63309444	2.35165106	2.54745759	398
0.63309444	2.35165106	2.54745759	397
0.63309444	2.35165106	2.54745759	396
0.63309444	2.35165106	2.54745759	395
0.63309444	2.35165106	2.54745759	394
0.63309444	2.35165106	2.54745759	393
0.63309444	2.35165106	2.54745759	392
0.63309444	2.35165106	2.54745759	391
0.63309444	2.35165106	2.54745759	390
0.63309444	2.35165106	2.54745759	389
0.63309444	2.35165106	2.54745759	388
0.63309444	2.35165106	2.54745759	387
0.63309444	2.35165106	2.54745759	386
0.63309444	2.35165106	2.54745759	385
0.63309444	2.35165106	2.54745759	384
0.63309444	2.35165106	2.54745759	383
0.63309444	2.35165106	2.54745759	382
0.63309444	2.35165106	2.54745759	381
0.63309444	2.35165106	2.54745759	380
0.63309444	2.35165106	2.54745759	379
0.63309444	2.35165106	2.54745759	378
0.63309444	2.35165106	2.54745759	377
0.63309444	2.35165106	2.54745759	376
0.63309444	2.35165106	2.54745759	375
0.63309444	2.35165106	2.54745759	374
0.63309444	2.35165106	2.54745759	373
0.63309444	2.35165106	2.54745759	372
0.63309444	2.35165106	2.54745759	371
0.63309444	2.35165106	2.54745759	370
0.63309444	2.35165106	2.54745759	369
0.63309444	2.35165106	2.54745759	368
0.63309444	2.35165106	2.54745759	367
0.63309444	2.35165106	2.54745759	366
0.63309444	2.35165106	2.54745759	365
0.63309444	2.35165106	2.54745759	364
0.63309444	2.35165106	2.54745759	363
0.63309444	2.35165106	2.54745759	362
0.63309444	2.35165106	2.54745759	361
0.63309444	2.35165106	2.54745759	360
0.63309444	2.35165106	2.54745759	359
0.63309444	2.35165106	2.54745759	358
0.63309444	2.35165106	2.54745759	357
0.63309444	2.35165106	2.54745759	356
0.63309444	2.35165106	2.54745759	355
0.63372802	2.35838965	2.54656486	354
0.63372802	2.35838965	2.54656486	353
0.63372802	2.35838965	2.54656486	352
0.63372802	2.35838965	2.54656486	351
0.63372802	2.35838965	2.54656486	350
0.63372802	2.35838965	2.54656486	349
0.63372802	2.35838965	2.54656486	348
0.63372802	2.35838965	2.54656486	347
0.63372802	2.35838965	2.54656486	346
0.63372802	2.35838965	2.54656486	345
0.63372802	2.35838965	2.54656486	344
0.63372802	2.35838965	2.54656486	343
0.63372802	2.35838965	2.54656486	342
0.63372802	2.35838965	2.54656486	341
0.63372802	2.35838965	2.54656486	340
0.63372802	2.35838965	2.54656486	339
0.63372802	2.35838965	2.54656486	338
0.63372802	2.35838965	2.54656486	337
0.63372802	2.35838965	2.54656486	336
0.63372802	2.35838965	2.54656486	335
0.63372802	2.35838965	2.54656486	334
0.63372802	2.35838965	2.54656486	333
0.63372802	2.35838965	2.54656486	332
0.63372802	2.35838965	2.54656486	331
0.63372802	2.35838965	2.54656486	330
0.63372802	2.35838965	2.54656486	329
0.63382629	2.35610018	2.54671129	328
0.63382629	2.35610018	2.54671129	327
0.63382629	2.35610018	2.54671129	326
0.63382629	2.35610018	2.54671129	325
0.63382629	2.35610018	2.54671129	324
0.63382629	2.35610018	2.54671129	323
0.63382629	2.35610018	2.54671129	322
0.63382629	2.35610018	2.54671129	321
0.63382629	2.35610018	2.54671129	320
0.63382629	2.35610018	2.54671129	319
0.63382629	2.35610018	2.54671129	318
0.63382629	2.35610018	2.54671129	317
0.63382629	2.35610018	2.54671129	316
0.63382629	2.35610018	2.54671129	315
0.63382629	2.35610018	2.54671129	314
0.63382629	2.35610018	2.54671129	313
0.63382629	2.35610018	2.54671129	312
0.63382629	2.35610018	2.54671129	311
0.63382629	2.35610018	2.54671129	310
0.63382629	2.35610018	2.54671129	309
0.63382629	2.35610018	2.54671129	308
0.63382629	2.35610018	2.54671129	307
0.63382629	2.35610018	2.54671129	306
0.63382629	2.35610018	2.54671129	305
0.63382629	2.35610018	2.54671129	304
0.63382629	2.35610018	2.54671129	303
0.63382629	2.35610018	2.54671129	302
0.63382629	2.35610018	2.54671129	301
0.63382629	2.35610018	2.54671129	300
0.63382629	2.35610018	2.54671129	299
0.63382629	2.35610018	2.54671129	298
0.63382629	2.35610018	2.54671129	297
0.63382629	2.35610018	2.54671129	296
0.63382629	2.35610018	2.54671129	295
0.63382629	2.35610018	2.54671129	294
0.63382629	2.35610018	2.54671129	293
0.63382629	2.35610018	2.54671129	292
0.63382629	2.35610018	2.54671129	291
0.63382629	2.35610018	2.54671129	290
0.63382629	2.35610018	2.54671129	289
0.63382629	2.35610018	2.54671129	288
0.63382629	2.35610018	2.54671129	287
0.63382629	2.35610018	2.54671129	286
0.63382629	2.35610018	2.54671129	285
0.63382629	2.35610018	2.54671129	284
0.63382629	2.35610018	2.54671129	283
0.63382629	2.35610018	2.54671129	282
0.63382629	2.35610018	2.54671129	281
0.63382629	2.35610018	2.54671129	280
0.63382629	2.35610018	2.54671129	279
0.63382629	2.35610018	2.54671129	278
0.63382629	2.35610018	2.54671129	277
0.63382629	2.35610018	2.54671129	276
0.63382629	2.35610018	2.54671129	275
0.63382629	2.35610018	2.54671129	274
0.63382629	2.35610018	2.54671129	273
0.63382629	2.35610018	2.54671129	272
0.63382629	2.35610018	2.54671129	271
0.63382629	2.35610018	2.54671129	270
0.63382629	2.35610018	2.54671129	269
0.63382629	2.35610018	2.54671129	268
0.63382629	2.35610018	2.54671129	267
0.63382629	2.35610018	2.54671129	266
0.63382629	2.35610018	2.54671129	265
0.63382629	2.35610018	2.54671129	264
0.63382629	2.35610018	2.54671129	263
0.63382629	2.35610018	2.54671129	262
0.63382629	2.35610018	2.54671129	261
0.63382629	2.35610018	2.54671129	260
0.63382629	2.35610018	2.54671129	259
0.63382629	2.35610018	2.54671129	258
0.63382629	2.35610018	2.54671129	257
0.63382629	2.35610018	2.54671129	256
0.63382629	2.35610018	2.54671129	255
0.63382629	2.35610018	2.54671129	254
0.63382629	2.35610018	2.54671129	253
0.63382629	2.35610018	2.54671129	252
0.63382629	2.35610018	2.54671129	251
0.63382629	2.35610018	2.54671129	250
0.63382629	2.35610018	2.54671129	249
0.63382629	2.35610018	2.54671129	248
0.63382629	2.35610018	2.54671129	247
0.63382629	2.35610018	2.54671129	246
0.63382629	2.35610018	2.54671129	245
0.63382629	2.35610018	2.54671129	244
0.63382629	2.35610018	2.54671129	243
0.63382629	2.35610018	2.54671129	242
0.63382629	2.35610018	2.54671129	241
0.63382629	2.35610018	2.54671129	240
0.63382629	2.35610018	2.54671129	239
0.63382629	2.35610018	2.54671129	238
0.63382629	2.35610018	2.54671129	237
0.63382629	2.35610018	2.54671129	236
0.63382629	2.35610018	2.54671129	235
0.63382629	2.35610018	2.54671129	234
0.63382629	2.35610018	2.54671129	233
0.63382629	2.35610018	2.54671129	232
0.63382629	2.35610018	2.54671129	231
0.63382629	2.35610018	2.54671129	230
0.63382629	2.35610018	2.54671129	229
0.63382629	2.35610018	2.54671129	228
0.63382629	2.35610018	2.54671129	227
0.63382629	2.35610018	2.54671129	226
0.63382629	2.35610018	2.54671129	225
0.63382629	2.35610018	2.54671129	224
0.63382629	2.35610018	2.54671129	223
0.63382629	2.35610018	2.54671129	222
0.63382629	2.35610018	2.54671129	221
0.63382629	2.35610018	2.54671129	220
0.63382629	2.35610018	2.54671129	219
0.63382629	2.35610018	2.54671129	218
0.63382629	2.35610018	2.54671129	217
0.63390578	2.35666495	2.54687213	216
0.63390578	2.35666495	2.54687213	215
0.63390578	2.35666495	2.54687213	214
0.63390578	2.35666495	2.54687213	213
0.63390578	2.35666495	2.54687213	212
0.63390578	2.35666495	2.54687213	211
0.63380479	2.35604756	2.54685321	210
0.63380479	2.35604756	2.54685321	209
0.63380479	2.35604756	2.54685321	208
0.63380479	2.35604756	2.54685321	207
0.63380479	2.35604756	2.54685321	206
0.63380479	2.35604756	2.54685321	205
0.63380479	2.35604756	2.54685321	204
0.63380479	2.35604756	2.54685321	203
0.63380479	2.35604756	2.54685321	202
0.63380479	2.35604756	2.54685321	201
0.63380479	2.35604756	2.54685321	200
0.63380479	2.35604756	2.54685321	199
0.63380479	2.35604756	2.54685321	198
0.63380479	2.35604756	2.54685321	197
0.63380479	2.35604756	2.54685321	196
0.63380479	2.35604756	2.54685321	195
0.63380479	2.35604756	2.54685321	194
0.63380479	2.35604756	2.54685321	193
0.63380479	2.35604756	2.54685321	192
0.63380479	2.35604756	2.54685321	191
0.63380479	2.35604756	2.54685321	190
0.63380479	2.35604756	2.54685321	189
0.63380479	2.35604756	2.54685321	188
0.63380479	2.35604756	2.54685321	187
0.63380479	2.35604756	2.54685321	186
0.63380479	2.35604756	2.54685321	185
0.63380479	2.35604756	2.54685321	184
0.63380479	2.35604756	2.54685321	183
0.63380479	2.35604756	2.54685321	182
0.63380479	2.35604756	2.54685321	181
0.63380479	2.35604756	2.54685321	180
0.63380479	2.35604756	2.54685321	179
0.63380479	2.35604756	2.54685321	178
0.63380479	2.35604756	2.54685321	177
0.63380479	2.35604756	2.54685321	176
0.63380479	2.35604756	2.54685321	175
0.63380479	2.35604756	2.54685321	174
0.63380479	2.35604756	2.54685321	173
0.63380479	2.35604756	2.54685321	172
0.63380479	2.35604756	2.54685321	171
0.63380479	2.35604756	2.54685321	170
0.63380479	2.35604756	2.54685321	169
0.63380479	2.35604756	2.54685321	168
0.63380479	2.35604756	2.54685321	167
0.63380479	2.35604756	2.54685321	166
0.63380479	2.35604756	2.54685321	165
0.63380479	2.35604756	2.54685321	164
0.63380479	2.35604756	2.54685321	163
0.63380479	2.35604756	2.54685321	162
0.63380479	2.35604756	2.54685321	161
0.63380479	2.35604756	2.54685321	160
0.63380479	2.35604756	2.54685321	159
0.63380479	2.35604756	2.54685321	158
0.63380479	2.35604756	2.54685321	157
0.63380479	2.35604756	2.54685321	156
0.63380479	2.35604756	2.54685321	155
0.63380479	2.35604756	2.54685321	154
0.63380479	2.35604756	2.54685321	153
0.63380479	2.35604756	2.54685321	152
0.63380479	2.35604756	2.54685321	151
0.63380479	2.35604756	2.54685321	150
0.63380479	2.35604756	2.54685321	149
0.63380479	2.35604756	2.54685321	148
0.63380479	2.35604756	2.54685321	147
0.63380479	2.35604756	2.54685321	146
0.63380479	2.35604756	2.54685321	145
0.63380479	2.35604756	2.54685321	144
0.63380479	2.35604756	2.54685321	143
0.63380479	2.35604756	2.54685321	142
0.63380479	2.35604756	2.54685321	141
0.63380479	2.35604756	2.54685321	140
0.63380479	2.35604756	2.54685321	139
0.63380479	2.35604756	2.54685321	138
0.63380479	2.35604756	2.54685321	137
0.63380479	2.35604756	2.54685321	136
0.63380479	2.35604756	2.54685321	135
0.63380479	2.35604756	2.54685321	134
0.63380479	2.35604756	2.54685321	133
0.63380479	2.35604756	2.54685321	132
0.63380479	2.35604756	2.54685321	131
0.63380479	2.35604756	2.54685321	130
0.63380479	2.35604756	2.54685321	129
0.63380479	2.35604756	2.54685321	128
0.63380479	2.35604756	2.54685321	127
0.63380479	2.35604756	2.54685321	126
0.63380479	2.35604756	2.54685321	125
0.63380479	2.35604756	2.54685321	124
0.63380479	2.35604756	2.54685321	123
0.63380479	2.35604756	2.54685321	122
0.63380479	2.35604756	2.54685321	121
0.63380479	2.35604756	2.54685321	120
0.63380479	2.35604756	2.54685321	119
0.63380479	2.35604756	2.54685321	118
0.63380479	2.35604756	2.54685321	117
0.63380479	2.35604756	2.54685321	116
0.63380479	2.35604756	2.54685321	115
0.63380479	2.35604756	2.54685321	114
0.63380479	2.35604756	2.54685321	113
0.63380479	2.35604756	2.54685321	112
0.63380479	2.35604756	2.54685321	111
0.63380479	2.35604756	2.54685321	110
0.63360013	2.35584623	2.54691151	109
0.63360013	2.35584623	2.54691151	108
0.63360013	2.35584623	2.54691151	107
0.63360013	2.35584623	2.54691151	106
0.63360013	2.35584623	2.54691151	105
0.63360013	2.35584623	2.54691151	104
0.63360013	2.35584623	2.54691151	103
0.63360013	2.35584623	2.54691151	102
0.63360013	2.35584623	2.54691151	101
0.63360013	2.35584623	2.54691151	100
0.63360013	2.35584623	2.54691151	99
0.63360013	2.35584623	2.54691151	98
0.63360013	2.35584623	2.54691151	97
0.63360013	2.35584623	2.54691151	96
0.63360013	2.35584623	2.54691151	95
0.63360013	2.35584623	2.54691151	94
0.63360013	2.35584623	2.54691151	93
0.63360013	2.35584623	2.54691151	92
0.63360013	2.35584623	2.54691151	91
0.63360013	2.35584623	2.54691151	90
0.63360013	2.35584623	2.54691151	89
0.63360013	2.35584623	2.54691151	88
0.63360013	2.35584623	2.54691151	87
0.63360013	2.35584623	2.54691151	86
0.63360013	2.35584623	2.54691151	85
0.63360013	2.35584623	2.54691151	84
0.63360013	2.35584623	2.54691151	83
0.63360013	2.35584623	2.54691151	82
0.63360013	2.35584623	2.54691151	81
0.63360013	2.35584623	2.54691151	80
0.63360013	2.35584623	2.54691151	79
0.63360013	2.35584623	2.54691151	78
0.63360013	2.35584623	2.54691151	77
0.63360013	2.35584623	2.54691151	76
0.63360013	2.35584623	2.54691151	75
0.63360013	2.35584623	2.54691151	74
0.63360013	2.35584623	2.54691151	73
0.63360013	2.35584623	2.54691151	72
0.63360013	2.35584623	2.54691151	71
0.63360013	2.35584623	2.54691151	70
0.63360013	2.35584623	2.54691151	69
0.63360013	2.35584623	2.54691151	68
0.63360013	2.35584623	2.54691151	67
0.63360013	2.35584623	2.54691151	66
0.63360013	2.35584623	2.54691151	65
0.63360013	2.35584623	2.54691151	64
0.63360013	2.35584623	2.54691151	63
0.63360013	2.35584623	2.54691151	62
0.63360013	2.35584623	2.54691151	61
0.63360013	2.35584623	2.54691151	60
0.63360013	2.35584623	2.54691151	59
0.63360013	2.35584623	2.54691151	58
0.63360013	2.35584623	2.54691151	57
0.63360013	2.35584623	2.54691151	56
0.63364186	2.35585706	2.54695160	55
0.63364186	2.35585706	2.54695160	54
0.63364186	2.35585706	2.54695160	53
0.63364186	2.35585706	2.54695160	52
0.63364186	2.35585706	2.54695160	51
0.63364186	2.35585706	2.54695160	50
0.63364186	2.35585706	2.54695160	49
0.63364186	2.35585706	2.54695160	48
0.63364186	2.35585706	2.54695160	47
0.63364186	2.35585706	2.54695160	46
0.63364186	2.35585706	2.54695160	45
0.63364186	2.35585706	2.54695160	44
0.63364186	2.35585706	2.54695160	43
0.63364186	2.35585706	2.54695160	42
0.63364186	2.35585706	2.54695160	41
0.63364186	2.35585706	2.54695160	40
0.63364186	2.35585706	2.54695160	39
0.63364186	2.35585706	2.54695160	38
0.63364186	2.35585706	2.54695160	37
0.63364186	2.35585706	2.54695160	36
0.63364186	2.35585706	2.54695160	35
0.63364186	2.35585706	2.54695160	34
0.63364186	2.35585706	2.54695160	33
0.63364186	2.35585706	2.54695160	32
0.63364186	2.35585706	2.54695160	31
0.63364186	2.35585706	2.54695160	30
0.63364186	2.35585706	2.54695160	29
0.63364186	2.35585706	2.54695160	28
0.63364186	2.35585706	2.54695160	27
0.63364186	2.35585706	2.54695160	26
0.63364186	2.35585706	2.54695160	25
0.63364186	2.35585706	2.54695160	24
0.63364186	2.35585706	2.54695160	23
0.63364186	2.35585706	2.54695160	22
0.63364186	2.35585706	2.54695160	21
0.63364186	2.35585706	2.54695160	20
0.63364186	2.35585706	2.54695160	19
0.63364186	2.35585706	2.54695160	18
0.63364186	2.35585706	2.54695160	17
0.63364186	2.35585706	2.54695160	16
0.63364186	2.35585706	2.54695160	15
0.63364186	2.35585706	2.54695160	14
0.63364186	2.35585706	2.54695160	13
0.63364186	2.35585706	2.54695160	12
0.63364186	2.35585706	2.54695160	11
0.63364186	2.35585706	2.54695160	10
0.63366115	2.35578049	2.54696066	9
0.63366326	2.35578047	2.54695847	8
0.63366036	2.35581337	2.54695404	7
0.63366164	2.35581389	2.54695191	6
0.63366218	2.35585563	2.54694766	5
0.63366293	2.35586129	2.54694354	4
0.63366299	2.35586125	2.54694355	3
			2
			1
