5.04482564	7.59653505	0.15213347	1099
5.05347222	7.59653505	0.15213347	1098
5.05347222	7.59444989	0.15213347	1097
5.05347222	7.59444989	0.22124305	1096
5.05347222	7.59444989	0.22124305	1095
5.02744200	7.54248548	0.22124305	1094
5.02744200	7.54248548	0.26534942	1093
5.11970038	7.65920000	0.33604993	1092
5.11970038	7.65920000	0.33604993	1091
5.18963647	7.65920000	0.33604993	1090
5.18963647	7.64474942	0.33604993	1089
5.18963647	7.64474942	0.43321110	1088
5.24576443	7.64474942	0.43321110	1087
5.24576443	7.58886352	0.43321110	1086
5.24576443	7.58886352	0.43321110	1085
6.31062515	7.31105909	0.33669789	1084
6.31062515	7.31105909	0.33669789	1083
6.29286489	7.29368414	0.41402685	1082
6.11548497	7.02112870	0.41402685	1081
6.11548497	7.02112870	0.47172074	1080
6.11548497	7.02112870	0.47172074	1079
5.85581796	7.72430701	0.73123599	1078
5.85581796	7.72430701	0.73123599	1077
6.02486660	7.72430701	0.73123599	1076
6.47959313	7.64188228	0.79871544	1075
6.47959313	7.64188228	0.79871544	1074
6.88519512	7.64188228	0.79871544	1073
6.88519512	8.44418817	1.12237085	1072
6.88519512	8.44418817	1.12237085	1071
6.76579798	7.95834469	1.12237085	1070
5.00945976	8.35653565	1.34577874	1069
5.56720781	8.35653565	1.34577874	1068
4.78694595	7.59855419	1.34577874	1067
5.28657573	7.59855419	1.34577874	1066
5.28657573	7.59855419	1.34577874	1065
3.48310268	4.41548856	1.05191611	1064
1.42897622	6.08663521	1.80250284	1063
1.42897622	6.08663521	1.80250284	1062
2.41811982	6.08663521	1.80250284	1061
2.41811982	5.47597528	1.80250284	1060
2.41811982	5.47597528	1.80250284	1059
2.41811982	2.91739789	1.80250284	1058
2.41811982	2.56794726	1.80250284	1057
2.41811982	2.56794726	1.80250284	1056
2.12582091	2.56794726	1.80250284	1055
1.85362881	2.56794726	1.80250284	1054
1.85362881	2.56794726	1.80250284	1053
1.85362881	2.56794726	1.86926057	1052
1.85362881	2.56794726	1.86926057	1051
1.85362881	2.56794726	1.86926057	1050
1.85362881	2.56794726	1.86926057	1049
1.85362881	2.56794726	1.84858472	1048
1.58986940	2.04284671	1.84858472	1047
1.58986940	2.04284671	1.70034672	1046
1.74976713	2.04284671	1.70034672	1045
1.74976713	2.00808251	1.70034672	1044
1.74976713	2.00808251	1.70034672	1043
1.36066163	2.07475246	1.89859289	1042
1.36066163	2.07475246	1.89859289	1041
1.21524957	2.07475246	1.89859289	1040
1.21524957	2.03128837	1.89859289	1039
1.21306541	2.03128837	1.89859289	1038
1.21306541	2.03128837	1.89859289	1037
1.21306541	2.03128837	1.89859289	1036
1.21306541	2.02153634	1.89859289	1035
1.21306541	1.60726742	1.62465769	1034
1.21306541	1.60726742	1.62465769	1033
1.21306541	1.54547910	1.62465769	1032
1.21306541	1.54547910	1.61550938	1031
1.11112008	1.50757522	1.61550938	1030
1.11112008	1.50757522	1.61550938	1029
1.11112008	1.50757522	1.61550938	1028
0.97865236	1.50043417	1.72174874	1027
0.97865236	1.42327187	1.66150049	1026
0.97865236	1.42327187	1.66150049	1025
0.97865236	1.39485333	1.64602935	1024
0.97865236	1.39485333	1.64602935	1023
0.97865236	1.39485333	1.64602935	1022
0.75276509	1.36885156	1.79991428	1021
0.75276509	1.36885156	1.80972417	1020
0.75276509	1.36885156	1.80972417	1019
0.75276509	1.36885156	1.80972417	1018
0.75276509	1.25365515	1.70347259	1017
0.75276509	1.21384040	1.67118468	1016
0.75276509	1.21384040	1.67118468	1015
0.72715835	1.19318691	1.67118468	1014
0.70375501	1.19318691	1.71020719	1013
0.70375501	1.19318691	1.71020719	1012
0.70375501	1.19318691	1.71020719	1011
0.70375501	1.19318691	1.71020719	1010
0.70375501	1.19318691	1.71020719	1009
0.70375501	1.19318691	1.71020719	1008
0.70375501	1.19318691	1.71020719	1007
0.70375501	1.19318691	1.71020719	1006
0.85127469	0.92062012	0.90410676	1005
0.85127469	0.87535461	0.76498925	1004
0.85127469	0.87535461	0.76498925	1003
0.80435674	0.84737403	0.76112310	1002
0.80435674	0.84737403	0.76112310	1001
0.76556024	0.84737403	0.76407771	1000
0.76556024	0.84421130	0.76407771	999
0.76556024	0.84421130	0.76407771	998
0.76556024	0.84421130	0.76407771	997
0.69759634	0.86810262	0.96135327	996
0.69759634	0.86810262	0.96135327	995
0.68998814	0.84980907	0.94418403	994
0.68998814	0.82132230	0.80069755	993
0.74045406	0.81299582	0.68060242	992
0.74045406	0.81299582	0.68060242	991
0.69751463	0.81299582	0.76489782	990
0.69751463	0.81299582	0.76489782	989
0.69751463	0.81299582	0.76489782	988
0.69751463	0.81299582	0.76489782	987
0.69751463	0.81299582	0.76489782	986
0.69751463	0.81299582	0.76489782	985
0.69751463	0.81299582	0.76489782	984
0.69751463	0.81299582	0.76489782	983
0.69751463	0.81299582	0.76489782	982
0.69751463	0.81299582	0.76489782	981
0.69751463	0.81299582	0.76489782	980
0.69751463	0.81299582	0.76489782	979
0.69751463	0.81299582	0.76489782	978
0.69751463	0.81299582	0.76489782	977
0.69751463	0.81299582	0.76489782	976
0.69751463	0.81299582	0.76489782	975
0.69751463	0.81299582	0.76489782	974
0.69751463	0.81299582	0.76489782	973
0.69751463	0.81299582	0.76489782	972
0.69751463	0.81299582	0.76489782	971
0.69751463	0.81299582	0.76489782	970
0.69751463	0.81299582	0.76489782	969
0.69751463	0.81299582	0.76489782	968
0.69751463	0.81299582	0.76489782	967
0.69751463	0.81299582	0.76489782	966
0.69751463	0.81299582	0.76489782	965
0.69751463	0.81299582	0.76489782	964
0.69751463	0.81299582	0.76489782	963
0.53243626	0.92562379	1.53594562	962
0.53243626	0.97423396	1.58385602	961
0.53243626	0.97423396	1.58385602	960
0.51629365	0.94784334	1.58385602	959
0.50204384	0.95824914	1.64153877	958
0.50204384	0.95824914	1.64153877	957
0.47832418	0.91988262	1.63154118	956
0.46537748	1.05114759	1.90007725	955
0.46537748	1.05114759	1.90007725	954
0.46537748	1.05926802	2.00700961	953
0.46450810	1.05926802	2.00700961	952
0.46450810	1.05926802	2.00700961	951
0.46470124	1.07037014	2.00053651	950
0.43762483	1.03725067	2.00053651	949
0.43762483	1.03725067	2.00053651	948
0.41568913	1.07128715	2.10984161	947
0.41568913	1.07128715	2.10984161	946
0.41568913	1.07128715	2.10984161	945
0.41568913	1.07128715	2.10984161	944
0.41568913	1.07128715	2.10984161	943
0.41568913	1.07128715	2.10984161	942
0.41568913	1.07128715	2.10984161	941
0.41568913	1.07128715	2.10984161	940
0.41568913	1.07128715	2.10984161	939
0.41568913	1.07128715	2.10984161	938
0.41568913	1.07128715	2.10984161	937
0.41568913	1.07128715	2.10984161	936
0.41568913	1.07128715	2.10984161	935
0.41568913	1.07128715	2.10984161	934
0.41568913	1.07128715	2.10984161	933
0.41568913	1.07128715	2.10984161	932
0.41568913	1.07128715	2.10984161	931
0.41568913	1.07128715	2.10984161	930
0.41568913	1.07128715	2.10984161	929
0.41568913	1.07128715	2.10984161	928
0.41568913	1.07128715	2.10984161	927
0.41568913	1.07128715	2.10984161	926
0.41568913	1.07128715	2.10984161	925
0.41568913	1.07128715	2.10984161	924
0.41568913	1.07128715	2.10984161	923
0.41568913	1.07128715	2.10984161	922
0.41568913	1.07128715	2.10984161	921
0.41568913	1.07128715	2.10984161	920
0.41568913	1.07128715	2.10984161	919
0.41568913	1.07128715	2.10984161	918
0.41568913	1.07128715	2.10984161	917
0.41568913	1.07128715	2.10984161	916
0.41568913	1.07128715	2.10984161	915
0.41568913	1.07128715	2.10984161	914
0.41568913	1.07128715	2.10984161	913
0.41568913	1.07128715	2.10984161	912
0.41568913	1.07128715	2.10984161	911
0.41568913	1.07128715	2.10984161	910
0.27708183	0.86983375	2.30061712	909
0.29958745	0.92582394	2.30061712	908
0.29958745	0.92582394	2.30061712	907
0.29958745	0.94834226	2.32206298	906
0.29958745	0.94834226	2.32206298	905
0.30861937	0.94834226	2.32206298	904
0.30861937	0.94834226	2.32206298	903
0.31907544	0.97281272	2.31227328	902
0.31907544	1.00484936	2.47630819	901
0.31907544	1.00484936	2.47630819	900
0.31907544	1.04919736	2.47630819	899
0.31907544	1.04919736	2.57592947	898
0.31907544	1.07589396	2.57592947	897
0.31907544	1.07589396	2.78968500	896
0.31907544	1.07589396	2.78968500	895
0.31907544	1.08161831	2.78968500	894
0.31907544	1.08161831	2.81202152	893
0.31317433	1.08161831	2.81202152	892
0.31317433	1.08161831	2.82247533	891
0.28817695	1.08161831	2.82247533	890
0.31071333	1.13994231	2.82247533	889
0.31071333	1.13994231	2.82247533	888
0.31696579	1.13994231	2.82247533	887
0.31696579	1.21132680	2.80566910	886
0.31696579	1.21132680	2.81449930	885
0.31696579	1.14173773	2.99182581	884
0.31696579	1.14173773	2.99182581	883
0.32957513	1.14173773	2.99182581	882
0.32957513	1.14173773	2.99182581	881
0.32957513	1.14173773	2.99182581	880
0.34342435	1.14173773	2.99182581	879
0.34342435	1.14173773	3.06967135	878
0.36957999	1.14173773	3.06967135	877
0.36957999	1.14173773	3.06967135	876
0.36957999	1.14173773	3.06967135	875
0.36957999	1.15689217	3.07307821	874
0.36957999	1.15689217	3.07307821	873
0.39916457	1.16378615	3.06011078	872
0.39916457	1.21064349	3.06011078	871
0.39916457	1.21064349	3.06011078	870
0.41218404	1.21064349	3.06011078	869
0.44007745	1.21064349	3.06011078	868
0.43755392	1.22230206	3.06011078	867
0.43755392	1.22230206	3.06011078	866
0.43773129	1.21956448	3.03195602	865
0.40067668	1.21956448	3.02646597	864
0.41319960	1.21956448	3.02646597	863
0.41319960	1.21956448	3.02646597	862
0.41319960	1.21956448	3.02646597	861
0.44542031	1.24630231	3.03100670	860
0.44542031	1.24630231	3.03100670	859
0.40529132	1.26026522	2.96435671	858
0.40529132	1.26026522	2.95832878	857
0.42856599	1.26026522	2.95832878	856
0.42856599	1.26026522	2.98365537	855
0.41440968	1.29336742	2.94909394	854
0.41578414	1.29336742	2.94909394	853
0.41578414	1.28756101	2.94909394	852
0.44358213	1.31454786	2.93122824	851
0.45778881	1.32957479	2.93122824	850
0.45778881	1.32957479	2.93122824	849
0.45778881	1.35477549	2.93122824	848
0.45778881	1.35477549	2.92788200	847
0.47556611	1.35477549	2.92788200	846
0.47556611	1.37180667	2.92587789	845
0.47071717	1.40421263	2.86956825	844
0.47071717	1.40421263	2.86956825	843
0.47071717	1.41160097	2.85494845	842
0.47071717	1.42634736	2.85494845	841
0.47071717	1.42634736	2.85494845	840
0.47071717	1.42634736	2.85494845	839
0.49663110	1.42573955	2.88379752	838
0.49663110	1.42573955	2.88379752	837
0.48977308	1.44123455	2.86919759	836
0.48977308	1.44123455	2.86919759	835
0.50563331	1.44123455	2.86919759	834
0.50563331	1.45152137	2.86919759	833
0.49092486	1.47569767	2.82685893	832
0.48491414	1.49039473	2.82685893	831
0.50800404	1.48901984	2.82685893	830
0.50800404	1.48901984	2.82685893	829
0.52119791	1.51845618	2.81102361	828
0.52119791	1.51845618	2.81102361	827
0.52119791	1.56743762	2.81102361	826
0.51579208	1.56891458	2.75556556	825
0.51579208	1.56891458	2.77816182	824
0.52632233	1.56891458	2.77816182	823
0.53402825	1.58866554	2.79084477	822
0.53402825	1.58866554	2.78822786	821
0.53402825	1.58866554	2.78822786	820
0.55787655	1.62239261	2.76661802	819
0.53877972	1.65672211	2.74927214	818
0.53877972	1.65672211	2.74927214	817
0.56288609	1.67438103	2.74927214	816
0.56288609	1.67438103	2.74927214	815
0.57703387	1.69143757	2.73243739	814
0.57703387	1.74813767	2.73243739	813
0.57703387	1.74813767	2.72786135	812
0.57703387	1.74813767	2.72786135	811
0.57703387	1.74813767	2.70998278	810
0.57703387	1.83627492	2.68834346	809
0.57703387	1.83627492	2.67409537	808
0.60360411	1.90784439	2.63647858	807
0.60360411	1.90784439	2.66507549	806
0.60360411	1.90784439	2.66507549	805
0.60360411	1.90784439	2.65257286	804
0.60360411	1.92590036	2.65257286	803
0.60360411	1.92590036	2.65257286	802
0.60360411	1.96547738	2.65218313	801
0.60360411	1.96547738	2.65218313	800
0.59379047	1.96547738	2.62075160	799
0.59379047	1.96547738	2.62075160	798
0.59379047	1.96547738	2.62075160	797
0.59379047	2.07657427	2.62075160	796
0.59379047	2.07657427	2.59701529	795
0.59379047	2.07657427	2.59701529	794
0.59379047	2.07657427	2.59701529	793
0.59206365	2.06626970	2.61057243	792
0.59332407	2.06626970	2.61057243	791
0.59332407	2.06626970	2.61057243	790
0.59332407	2.06626970	2.61057243	789
0.59332407	2.06626970	2.61057243	788
0.59332407	2.06626970	2.61057243	787
0.59332407	2.06626970	2.61057243	786
0.59332407	2.06626970	2.61057243	785
0.59538689	2.07301278	2.60702629	784
0.60071107	2.07301278	2.60969155	783
0.60071107	2.07301278	2.60969155	782
0.61079826	2.09906382	2.59150808	781
0.59693489	2.16955341	2.58471825	780
0.59693489	2.16955341	2.58471825	779
0.62565253	2.16955341	2.58471825	778
0.62565253	2.18256304	2.58471825	777
0.62565253	2.17906944	2.57903426	776
0.62565253	2.17906944	2.57903426	775
0.64768611	2.39915332	2.53253858	774
0.65174433	2.44648186	2.53145342	773
0.65174433	2.44648186	2.53145342	772
0.65174433	2.44648186	2.53145342	771
0.62610526	2.27169989	2.56346854	770
0.62610526	2.27169989	2.56346854	769
0.63426551	2.36022546	2.55076501	768
0.63426551	2.36022546	2.55076501	767
0.63426551	2.36022546	2.55076501	766
0.63426551	2.36022546	2.55076501	765
0.63426551	2.36022546	2.55076501	764
0.63426551	2.36022546	2.55076501	763
0.63426551	2.36022546	2.55076501	762
0.63426551	2.36022546	2.55076501	761
0.63426551	2.36022546	2.55076501	760
0.63426551	2.36022546	2.55076501	759
0.63426551	2.36022546	2.55076501	758
0.63925608	2.37869060	2.54066595	757
0.63925608	2.37869060	2.54066595	756
0.63925608	2.37869060	2.54066595	755
0.63832917	2.34175927	2.54743919	754
0.63567004	2.35988550	2.54743919	753
0.63567004	2.35988550	2.54743919	752
0.63567004	2.35988550	2.54743919	751
0.63567004	2.35988550	2.54743919	750
0.63567004	2.35988550	2.54743919	749
0.63567004	2.35988550	2.54743919	748
0.63567004	2.35988550	2.54743919	747
0.63567004	2.35988550	2.54743919	746
0.63567004	2.35988550	2.54743919	745
0.63567004	2.35988550	2.54743919	744
0.63567004	2.35988550	2.54743919	743
0.63567004	2.35988550	2.54743919	742
0.63567004	2.35988550	2.54743919	741
0.63567004	2.35988550	2.54743919	740
0.63567004	2.35988550	2.54743919	739
0.63567004	2.35988550	2.54743919	738
0.63567004	2.35988550	2.54743919	737
0.63567004	2.35988550	2.54743919	736
0.63567004	2.35988550	2.54743919	735
0.63567004	2.35988550	2.54743919	734
0.63567004	2.35988550	2.54743919	733
0.63567004	2.35988550	2.54743919	732
0.63567004	2.35988550	2.54743919	731
0.63567004	2.35988550	2.54743919	730
0.63567004	2.35988550	2.54743919	729
0.63567004	2.35988550	2.54743919	728
0.63567004	2.35988550	2.54743919	727
0.63567004	2.35988550	2.54743919	726
0.63567004	2.35988550	2.54743919	725
0.63567004	2.35988550	2.54743919	724
0.63567004	2.35988550	2.54743919	723
0.63567004	2.35988550	2.54743919	722
0.63567004	2.35988550	2.54743919	721
0.63567004	2.35988550	2.54743919	720
0.63567004	2.35988550	2.54743919	719
0.63567004	2.35988550	2.54743919	718
0.63567004	2.35988550	2.54743919	717
0.63567004	2.35988550	2.54743919	716
0.63567004	2.35988550	2.54743919	715
0.63567004	2.35988550	2.54743919	714
0.63567004	2.35988550	2.54743919	713
0.63567004	2.35988550	2.54743919	712
0.63567004	2.35988550	2.54743919	711
0.63567004	2.35988550	2.54743919	710
0.63567004	2.35988550	2.54743919	709
0.63567004	2.35988550	2.54743919	708
0.63567004	2.35988550	2.54743919	707
0.63567004	2.35988550	2.54743919	706
0.63567004	2.35988550	2.54743919	705
0.63567004	2.35988550	2.54743919	704
0.63567004	2.35988550	2.54743919	703
0.63567004	2.35988550	2.54743919	702
0.63567004	2.35988550	2.54743919	701
0.63567004	2.35988550	2.54743919	700
0.63567004	2.35988550	2.54743919	699
0.63567004	2.35988550	2.54743919	698
0.63567004	2.35988550	2.54743919	697
0.63567004	2.35988550	2.54743919	696
0.63567004	2.35988550	2.54743919	695
0.63567004	2.35988550	2.54743919	694
0.63567004	2.35988550	2.54743919	693
0.63567004	2.35988550	2.54743919	692
0.63567004	2.35988550	2.54743919	691
0.63567004	2.35988550	2.54743919	690
0.63567004	2.35988550	2.54743919	689
0.63567004	2.35988550	2.54743919	688
0.63567004	2.35988550	2.54743919	687
0.63567004	2.35988550	2.54743919	686
0.63567004	2.35988550	2.54743919	685
0.63567004	2.35988550	2.54743919	684
0.63567004	2.35988550	2.54743919	683
0.63567004	2.35988550	2.54743919	682
0.63496555	2.35398438	2.54751729	681
0.63496555	2.35398438	2.54751729	680
0.63496555	2.35398438	2.54751729	679
0.63496555	2.35398438	2.54751729	678
0.63496555	2.35398438	2.54751729	677
0.63496555	2.35398438	2.54751729	676
0.63496555	2.35398438	2.54751729	675
0.63496555	2.35398438	2.54751729	674
0.63496555	2.35398438	2.54751729	673
0.63496555	2.35398438	2.54751729	672
0.63496555	2.35398438	2.54751729	671
0.63496555	2.35398438	2.54751729	670
0.63496555	2.35398438	2.54751729	669
0.63496555	2.35398438	2.54751729	668
0.63496555	2.35398438	2.54751729	667
0.63496555	2.35398438	2.54751729	666
0.63496555	2.35398438	2.54751729	665
0.63496555	2.35398438	2.54751729	664
0.63496555	2.35398438	2.54751729	663
0.63496555	2.35398438	2.54751729	662
0.63496555	2.35398438	2.54751729	661
0.63496555	2.35398438	2.54751729	660
0.63496555	2.35398438	2.54751729	659
0.63496555	2.35398438	2.54751729	658
0.63496555	2.35398438	2.54751729	657
0.63496555	2.35398438	2.54751729	656
0.63496555	2.35398438	2.54751729	655
0.63496555	2.35398438	2.54751729	654
0.63496555	2.35398438	2.54751729	653
0.63496555	2.35398438	2.54751729	652
0.63496555	2.35398438	2.54751729	651
0.63496555	2.35398438	2.54751729	650
0.63496555	2.35398438	2.54751729	649
0.63496555	2.35398438	2.54751729	648
0.63496555	2.35398438	2.54751729	647
0.63496555	2.35398438	2.54751729	646
0.63496555	2.35398438	2.54751729	645
0.63496555	2.35398438	2.54751729	644
0.63496555	2.35398438	2.54751729	643
0.63496555	2.35398438	2.54751729	642
0.63496555	2.35398438	2.54751729	641
0.63496555	2.35398438	2.54751729	640
0.63496555	2.35398438	2.54751729	639
0.63496555	2.35398438	2.54751729	638
0.63496555	2.35398438	2.54751729	637
0.63496555	2.35398438	2.54751729	636
0.63496555	2.35398438	2.54751729	635
0.63496555	2.35398438	2.54751729	634
0.63496555	2.35398438	2.54751729	633
0.63496555	2.35398438	2.54751729	632
0.63496555	2.35398438	2.54751729	631
0.63496555	2.35398438	2.54751729	630
0.63496555	2.35398438	2.54751729	629
0.63496555	2.35398438	2.54751729	628
0.63496555	2.35398438	2.54751729	627
0.63496555	2.35398438	2.54751729	626
0.63496555	2.35398438	2.54751729	625
0.63496555	2.35398438	2.54751729	624
0.63496555	2.35398438	2.54751729	623
0.63244297	2.34646413	2.54881429	622
0.63244297	2.34646413	2.54881429	621
0.63244297	2.34646413	2.54881429	620
0.63244297	2.34646413	2.54881429	619
0.63244297	2.34646413	2.54881429	618
0.63244297	2.34646413	2.54881429	617
0.63244297	2.34646413	2.54881429	616
0.63244297	2.34646413	2.54881429	615
0.63244297	2.34646413	2.54881429	614
0.63244297	2.34646413	2.54881429	613
0.63244297	2.34646413	2.54881429	612
0.63244297	2.34646413	2.54881429	611
0.63244297	2.34646413	2.54881429	610
0.63244297	2.34646413	2.54881429	609
0.63244297	2.34646413	2.54881429	608
0.63244297	2.34646413	2.54881429	607
0.63244297	2.34646413	2.54881429	606
0.63244297	2.34646413	2.54881429	605
0.63244297	2.34646413	2.54881429	604
0.63244297	2.34646413	2.54881429	603
0.63244297	2.34646413	2.54881429	602
0.63244297	2.34646413	2.54881429	601
0.63244297	2.34646413	2.54881429	600
0.63244297	2.34646413	2.54881429	599
0.63244297	2.34646413	2.54881429	598
0.63244297	2.34646413	2.54881429	597
0.63244297	2.34646413	2.54881429	596
0.63244297	2.34646413	2.54881429	595
0.63244297	2.34646413	2.54881429	594
0.63244297	2.34646413	2.54881429	593
0.63244297	2.34646413	2.54881429	592
0.63244297	2.34646413	2.54881429	591
0.63244297	2.34646413	2.54881429	590
0.63244297	2.34646413	2.54881429	589
0.63244297	2.34646413	2.54881429	588
0.63244297	2.34646413	2.54881429	587
0.63244297	2.34646413	2.54881429	586
0.63244297	2.34646413	2.54881429	585
0.63244297	2.34646413	2.54881429	584
0.63244297	2.34646413	2.54881429	583
0.63244297	2.34646413	2.54881429	582
0.63244297	2.34646413	2.54881429	581
0.63244297	2.34646413	2.54881429	580
0.63244297	2.34646413	2.54881429	579
0.63244297	2.34646413	2.54881429	578
0.63244297	2.34646413	2.54881429	577
0.63244297	2.34646413	2.54881429	576
0.63244297	2.34646413	2.54881429	575
0.63244297	2.34646413	2.54881429	574
0.63244297	2.34646413	2.54881429	573
0.63244297	2.34646413	2.54881429	572
0.63244297	2.34646413	2.54881429	571
0.63244297	2.34646413	2.54881429	570
0.63244297	2.34646413	2.54881429	569
0.63244297	2.34646413	2.54881429	568
0.63244297	2.34646413	2.54881429	567
0.63244297	2.34646413	2.54881429	566
0.63244297	2.34646413	2.54881429	565
0.63244297	2.34646413	2.54881429	564
0.63244297	2.34646413	2.54881429	563
0.63244297	2.34646413	2.54881429	562
0.63244297	2.34646413	2.54881429	561
0.63244297	2.34646413	2.54881429	560
0.63244297	2.34646413	2.54881429	559
0.63244297	2.34646413	2.54881429	558
0.63244297	2.34646413	2.54881429	557
0.63244297	2.34646413	2.54881429	556
0.63244297	2.34646413	2.54881429	555
0.63244297	2.34646413	2.54881429	554
0.63244297	2.34646413	2.54881429	553
0.63244297	2.34646413	2.54881429	552
0.63244297	2.34646413	2.54881429	551
0.63244297	2.34646413	2.54881429	550
0.63244297	2.34646413	2.54881429	549
0.63244297	2.34646413	2.54881429	548
0.63244297	2.34646413	2.54881429	547
0.63244297	2.34646413	2.54881429	546
0.63244297	2.34646413	2.54881429	545
0.63244297	2.34646413	2.54881429	544
0.63244297	2.34646413	2.54881429	543
0.63412666	2.36186050	2.54543182	542
0.63412666	2.36186050	2.54543182	541
0.63412666	2.36186050	2.54543182	540
0.63412666	2.36186050	2.54543182	539
0.63412666	2.36186050	2.54543182	538
0.63287150	2.35050260	2.54775499	537
0.63409450	2.35050260	2.54775499	536
0.63409450	2.35050260	2.54775499	535
0.63409450	2.35050260	2.54775499	534
0.63409450	2.35050260	2.54775499	533
0.63409450	2.35050260	2.54775499	532
0.63409450	2.35050260	2.54775499	531
0.63409450	2.35050260	2.54775499	530
0.63409450	2.35050260	2.54775499	529
0.63409450	2.35050260	2.54775499	528
0.63409450	2.35050260	2.54775499	527
0.63409450	2.35050260	2.54775499	526
0.63409450	2.35050260	2.54775499	525
0.63409450	2.35050260	2.54775499	524
0.63409450	2.35050260	2.54775499	523
0.63409450	2.35050260	2.54775499	522
0.63409450	2.35050260	2.54775499	521
0.63409450	2.35050260	2.54775499	520
0.63409450	2.35050260	2.54775499	519
0.63409450	2.35050260	2.54775499	518
0.63409450	2.35050260	2.54775499	517
0.63409450	2.35050260	2.54775499	516
0.63409450	2.35050260	2.54775499	515
0.63409450	2.35050260	2.54775499	514
0.63409450	2.35050260	2.54775499	513
0.63409450	2.35050260	2.54775499	512
0.63409450	2.35050260	2.54775499	511
0.63409450	2.35050260	2.54775499	510
0.63409450	2.35050260	2.54775499	509
0.63409450	2.35050260	2.54775499	508
0.63409450	2.35050260	2.54775499	507
0.63409450	2.35050260	2.54775499	506
0.63409450	2.35050260	2.54775499	505
0.63409450	2.35050260	2.54775499	504
0.63409450	2.35050260	2.54775499	503
0.63409450	2.35050260	2.54775499	502
0.63409450	2.35050260	2.54775499	501
0.63409450	2.35050260	2.54775499	500
0.63409450	2.35050260	2.54775499	499
0.63409450	2.35050260	2.54775499	498
0.63409450	2.35050260	2.54775499	497
0.63409450	2.35050260	2.54775499	496
0.63409450	2.35050260	2.54775499	495
0.63409450	2.35050260	2.54775499	494
0.63362136	2.35423745	2.54745590	493
0.63362136	2.35423745	2.54745590	492
0.63351421	2.35423745	2.54745590	491
0.63351421	2.35423745	2.54745590	490
0.63351421	2.35423745	2.54745590	489
0.63351421	2.35423745	2.54745590	488
0.63351421	2.35423745	2.54745590	487
0.63351421	2.35423745	2.54745590	486
0.63351421	2.35423745	2.54745590	485
0.63351421	2.35423745	2.54745590	484
0.63351421	2.35423745	2.54745590	483
0.63351421	2.35423745	2.54745590	482
0.63351421	2.35423745	2.54745590	481
0.63351421	2.35423745	2.54745590	480
0.63351421	2.35423745	2.54745590	479
0.63351421	2.35423745	2.54745590	478
0.63351421	2.35423745	2.54745590	477
0.63351421	2.35423745	2.54745590	476
0.63357778	2.35342530	2.54741604	475
0.63357778	2.35342530	2.54741604	474
0.63357778	2.35342530	2.54741604	473
0.63357778	2.35342530	2.54741604	472
0.63357778	2.35342530	2.54741604	471
0.63357778	2.35342530	2.54741604	470
0.63357778	2.35342530	2.54741604	469
0.63357778	2.35342530	2.54741604	468
0.63357778	2.35342530	2.54741604	467
0.63357778	2.35342530	2.54741604	466
0.63357778	2.35342530	2.54741604	465
0.63357778	2.35342530	2.54741604	464
0.63357778	2.35342530	2.54741604	463
0.63357778	2.35342530	2.54741604	462
0.63357778	2.35342530	2.54741604	461
0.63357778	2.35342530	2.54741604	460
0.63357778	2.35342530	2.54741604	459
0.63357778	2.35342530	2.54741604	458
0.63357778	2.35342530	2.54741604	457
0.63357778	2.35342530	2.54741604	456
0.63357778	2.35342530	2.54741604	455
0.63357778	2.35342530	2.54741604	454
0.63357778	2.35342530	2.54741604	453
0.63357778	2.35342530	2.54741604	452
0.63357778	2.35342530	2.54741604	451
0.63357778	2.35342530	2.54741604	450
0.63357778	2.35342530	2.54741604	449
0.63357778	2.35342530	2.54741604	448
0.63357778	2.35342530	2.54741604	447
0.63357778	2.35342530	2.54741604	446
0.63357778	2.35342530	2.54741604	445
0.63357778	2.35342530	2.54741604	444
0.63357778	2.35342530	2.54741604	443
0.63357778	2.35342530	2.54741604	442
0.63357778	2.35342530	2.54741604	441
0.63357778	2.35342530	2.54741604	440
0.63357778	2.35342530	2.54741604	439
0.63357778	2.35342530	2.54741604	438
0.63357778	2.35342530	2.54741604	437
0.63357778	2.35342530	2.54741604	436
0.63357778	2.35342530	2.54741604	435
0.63357778	2.35342530	2.54741604	434
0.63357778	2.35342530	2.54741604	433
0.63357778	2.35342530	2.54741604	432
0.63357778	2.35342530	2.54741604	431
0.63357778	2.35342530	2.54741604	430
0.63357778	2.35342530	2.54741604	429
0.63357778	2.35342530	2.54741604	428
0.63357778	2.35342530	2.54741604	427
0.63357778	2.35342530	2.54741604	426
0.63357778	2.35342530	2.54741604	425
0.63357778	2.35342530	2.54741604	424
0.63357778	2.35342530	2.54741604	423
0.63357778	2.35342530	2.54741604	422
0.63357778	2.35342530	2.54741604	421
0.63357778	2.35342530	2.54741604	420
0.63357778	2.35342530	2.54741604	419
0.63357778	2.35342530	2.54741604	418
0.63357778	2.35342530	2.54741604	417
0.63357778	2.35342530	2.54741604	416
0.63357778	2.35342530	2.54741604	415
0.63357778	2.35342530	2.54741604	414
0.63357778	2.35342530	2.54741604	413
0.63357778	2.35342530	2.54741604	412
0.63357778	2.35342530	2.54741604	411
0.63357778	2.35342530	2.54741604	410
0.63357778	2.35342530	2.54741604	409
0.63357778	2.35342530	2.54741604	408
0.63357778	2.35342530	2.54741604	407
0.63357778	2.35342530	2.54741604	406
0.63357778	2.35342530	2.54741604	405
0.63357778	2.35342530	2.54741604	404
0.63357778	2.35342530	2.54741604	403
0.63357778	2.35342530	2.54741604	402
0.63357778	2.35342530	2.54741604	401
0.63357778	2.35342530	2.54741604	400
0.63357778	2.35342530	2.54741604	399
0.63357778	2.35342530	2.54741604	398
0.63357778	2.35342530	2.54741604	397
0.63357778	2.35342530	2.54741604	396
0.63357778	2.35342530	2.54741604	395
0.63357778	2.35342530	2.54741604	394
0.63357778	2.35342530	2.54741604	393
0.63357778	2.35342530	2.54741604	392
0.63357778	2.35342530	2.54741604	391
0.63357778	2.35342530	2.54741604	390
0.63357778	2.35342530	2.54741604	389
0.63357778	2.35342530	2.54741604	388
0.63357778	2.35342530	2.54741604	387
0.63357778	2.35342530	2.54741604	386
0.63357778	2.35342530	2.54741604	385
0.63357778	2.35342530	2.54741604	384
0.63357778	2.35342530	2.54741604	383
0.63357778	2.35342530	2.54741604	382
0.63357778	2.35342530	2.54741604	381
0.63357778	2.35342530	2.54741604	380
0.63357778	2.35342530	2.54741604	379
0.63357778	2.35342530	2.54741604	378
0.63357778	2.35342530	2.54741604	377
0.63357778	2.35342530	2.54741604	376
0.63357778	2.35342530	2.54741604	375
0.63357778	2.35342530	2.54741604	374
0.63357778	2.35342530	2.54741604	373
0.63357778	2.35342530	2.54741604	372
0.63357778	2.35342530	2.54741604	371
0.63357778	2.35342530	2.54741604	370
0.63357778	2.35342530	2.54741604	369
0.63357778	2.35342530	2.54741604	368
0.63357778	2.35342530	2.54741604	367
0.63357778	2.35342530	2.54741604	366
0.63357778	2.35342530	2.54741604	365
0.63357778	2.35342530	2.54741604	364
0.63357778	2.35342530	2.54741604	363
0.63357778	2.35342530	2.54741604	362
0.63357778	2.35342530	2.54741604	361
0.63357778	2.35342530	2.54741604	360
0.63357778	2.35342530	2.54741604	359
0.63357778	2.35342530	2.54741604	358
0.63357778	2.35342530	2.54741604	357
0.63357778	2.35342530	2.54741604	356
0.63357778	2.35342530	2.54741604	355
0.63357778	2.35342530	2.54741604	354
0.63357778	2.35342530	2.54741604	353
0.63357778	2.35342530	2.54741604	352
0.63355767	2.35433186	2.54722636	351
0.63355767	2.35433186	2.54722636	350
0.63355767	2.35433186	2.54722636	349
0.63355767	2.35433186	2.54722636	348
0.63355767	2.35433186	2.54722636	347
0.63355767	2.35433186	2.54722636	346
0.63355767	2.35433186	2.54722636	345
0.63355767	2.35433186	2.54722636	344
0.63355767	2.35433186	2.54722636	343
0.63355767	2.35433186	2.54722636	342
0.63355767	2.35433186	2.54722636	341
0.63355767	2.35433186	2.54722636	340
0.63355767	2.35433186	2.54722636	339
0.63355767	2.35433186	2.54722636	338
0.63355767	2.35433186	2.54722636	337
0.63355767	2.35433186	2.54722636	336
0.63355767	2.35433186	2.54722636	335
0.63355767	2.35433186	2.54722636	334
0.63355767	2.35433186	2.54722636	333
0.63355767	2.35433186	2.54722636	332
0.63355767	2.35433186	2.54722636	331
0.63355767	2.35433186	2.54722636	330
0.63355767	2.35433186	2.54722636	329
0.63355767	2.35433186	2.54722636	328
0.63355767	2.35433186	2.54722636	327
0.63355767	2.35433186	2.54722636	326
0.63355767	2.35433186	2.54722636	325
0.63355767	2.35433186	2.54722636	324
0.63355767	2.35433186	2.54722636	323
0.63355767	2.35433186	2.54722636	322
0.63355767	2.35433186	2.54722636	321
0.63355767	2.35433186	2.54722636	320
0.63355767	2.35433186	2.54722636	319
0.63355767	2.35433186	2.54722636	318
0.63355767	2.35433186	2.54722636	317
0.63355767	2.35433186	2.54722636	316
0.63355767	2.35433186	2.54722636	315
0.63355767	2.35433186	2.54722636	314
0.63355767	2.35433186	2.54722636	313
0.63355767	2.35433186	2.54722636	312
0.63355767	2.35433186	2.54722636	311
0.63355767	2.35433186	2.54722636	310
0.63355767	2.35433186	2.54722636	309
0.63355767	2.35433186	2.54722636	308
0.63355767	2.35433186	2.54722636	307
0.63355767	2.35433186	2.54722636	306
0.63355767	2.35433186	2.54722636	305
0.63355767	2.35433186	2.54722636	304
0.63355767	2.35433186	2.54722636	303
0.63355767	2.35433186	2.54722636	302
0.63355767	2.35433186	2.54722636	301
0.63355767	2.35433186	2.54722636	300
0.63355767	2.35433186	2.54722636	299
0.63355767	2.35433186	2.54722636	298
0.63355767	2.35433186	2.54722636	297
0.63355767	2.35433186	2.54722636	296
0.63355767	2.35433186	2.54722636	295
0.63355767	2.35433186	2.54722636	294
0.63355767	2.35433186	2.54722636	293
0.63355767	2.35433186	2.54722636	292
0.63355767	2.35433186	2.54722636	291
0.63355767	2.35433186	2.54722636	290
0.63355767	2.35433186	2.54722636	289
0.63355767	2.35433186	2.54722636	288
0.63355767	2.35433186	2.54722636	287
0.63355767	2.35433186	2.54722636	286
0.63355767	2.35433186	2.54722636	285
0.63355767	2.35433186	2.54722636	284
0.63355767	2.35433186	2.54722636	283
0.63355767	2.35433186	2.54722636	282
0.63355767	2.35433186	2.54722636	281
0.63355767	2.35433186	2.54722636	280
0.63355767	2.35433186	2.54722636	279
0.63355767	2.35433186	2.54722636	278
0.63355767	2.35433186	2.54722636	277
0.63355767	2.35433186	2.54722636	276
0.63355767	2.35433186	2.54722636	275
0.63355767	2.35433186	2.54722636	274
0.63355767	2.35433186	2.54722636	273
0.63355767	2.35433186	2.54722636	272
0.63355767	2.35433186	2.54722636	271
0.63355767	2.35433186	2.54722636	270
0.63355767	2.35433186	2.54722636	269
0.63355767	2.35433186	2.54722636	268
0.63355767	2.35433186	2.54722636	267
0.63355767	2.35433186	2.54722636	266
0.63355767	2.35433186	2.54722636	265
0.63355767	2.35433186	2.54722636	264
0.63355767	2.35433186	2.54722636	263
0.63355767	2.35433186	2.54722636	262
0.63355767	2.35433186	2.54722636	261
0.63355767	2.35433186	2.54722636	260
0.63355767	2.35433186	2.54722636	259
0.63355767	2.35433186	2.54722636	258
0.63355767	2.35433186	2.54722636	257
0.63355767	2.35433186	2.54722636	256
0.63355767	2.35433186	2.54722636	255
0.63355767	2.35433186	2.54722636	254
0.63355767	2.35433186	2.54722636	253
0.63355767	2.35433186	2.54722636	252
0.63355767	2.35433186	2.54722636	251
0.63355767	2.35433186	2.54722636	250
0.63355767	2.35433186	2.54722636	249
0.63355767	2.35433186	2.54722636	248
0.63355767	2.35433186	2.54722636	247
0.63355767	2.35433186	2.54722636	246
0.63355767	2.35433186	2.54722636	245
0.63355767	2.35433186	2.54722636	244
0.63367373	2.35658220	2.54680007	243
0.63367373	2.35658220	2.54680007	242
0.63367373	2.35658220	2.54680007	241
0.63367373	2.35658220	2.54680007	240
0.63367373	2.35658220	2.54680007	239
0.63367373	2.35658220	2.54680007	238
0.63367373	2.35658220	2.54680007	237
0.63367373	2.35658220	2.54680007	236
0.63367373	2.35658220	2.54680007	235
0.63367373	2.35658220	2.54680007	234
0.63367373	2.35658220	2.54680007	233
0.63367373	2.35658220	2.54680007	232
0.63367373	2.35658220	2.54680007	231
0.63367373	2.35658220	2.54680007	230
0.63367373	2.35658220	2.54680007	229
0.63367373	2.35658220	2.54680007	228
0.63367373	2.35658220	2.54680007	227
0.63367373	2.35658220	2.54680007	226
0.63367373	2.35658220	2.54680007	225
0.63367373	2.35658220	2.54680007	224
0.63367373	2.35658220	2.54680007	223
0.63367373	2.35658220	2.54680007	222
0.63367373	2.35658220	2.54680007	221
0.63367373	2.35658220	2.54680007	220
0.63367373	2.35658220	2.54680007	219
0.63367373	2.35658220	2.54680007	218
0.63367373	2.35658220	2.54680007	217
0.63367373	2.35658220	2.54680007	216
0.63367373	2.35658220	2.54680007	215
0.63367373	2.35658220	2.54680007	214
0.63367373	2.35658220	2.54680007	213
0.63367373	2.35658220	2.54680007	212
0.63367373	2.35658220	2.54680007	211
0.63367373	2.35658220	2.54680007	210
0.63367373	2.35658220	2.54680007	209
0.63367373	2.35658220	2.54680007	208
0.63367373	2.35658220	2.54680007	207
0.63367373	2.35658220	2.54680007	206
0.63367373	2.35658220	2.54680007	205
0.63367373	2.35658220	2.54680007	204
0.63367373	2.35658220	2.54680007	203
0.63367373	2.35658220	2.54680007	202
0.63367373	2.35658220	2.54680007	201
0.63367373	2.35658220	2.54680007	200
0.63367373	2.35658220	2.54680007	199
0.63367373	2.35658220	2.54680007	198
0.63367373	2.35658220	2.54680007	197
0.63367373	2.35658220	2.54680007	196
0.63367373	2.35658220	2.54680007	195
0.63367373	2.35658220	2.54680007	194
0.63367373	2.35658220	2.54680007	193
0.63367373	2.35658220	2.54680007	192
0.63367373	2.35658220	2.54680007	191
0.63367373	2.35658220	2.54680007	190
0.63367373	2.35658220	2.54680007	189
0.63367373	2.35658220	2.54680007	188
0.63367373	2.35658220	2.54680007	187
0.63367373	2.35658220	2.54680007	186
0.63367373	2.35658220	2.54680007	185
0.63367373	2.35658220	2.54680007	184
0.63367373	2.35658220	2.54680007	183
0.63367373	2.35658220	2.54680007	182
0.63367373	2.35658220	2.54680007	181
0.63367373	2.35658220	2.54680007	180
0.63367373	2.35658220	2.54680007	179
0.63367373	2.35658220	2.54680007	178
0.63367373	2.35658220	2.54680007	177
0.63369476	2.35576529	2.54697909	176
0.63369476	2.35576529	2.54697909	175
0.63369476	2.35576529	2.54697909	174
0.63369476	2.35576529	2.54697909	173
0.63369476	2.35576529	2.54697909	172
0.63369476	2.35576529	2.54697909	171
0.63369476	2.35576529	2.54697909	170
0.63369476	2.35576529	2.54697909	169
0.63369476	2.35576529	2.54697909	168
0.63369476	2.35576529	2.54697909	167
0.63369476	2.35576529	2.54697909	166
0.63369476	2.35576529	2.54697909	165
0.63369476	2.35576529	2.54697909	164
0.63369476	2.35576529	2.54697909	163
0.63369476	2.35576529	2.54697909	162
0.63369476	2.35576529	2.54697909	161
0.63369476	2.35576529	2.54697909	160
0.63369476	2.35576529	2.54697909	159
0.63369476	2.35576529	2.54697909	158
0.63369476	2.35576529	2.54697909	157
0.63369476	2.35576529	2.54697909	156
0.63369476	2.35576529	2.54697909	155
0.63369476	2.35576529	2.54697909	154
0.63369476	2.35576529	2.54697909	153
0.63369476	2.35576529	2.54697909	152
0.63369476	2.35576529	2.54697909	151
0.63369476	2.35576529	2.54697909	150
0.63369476	2.35576529	2.54697909	149
0.63369476	2.35576529	2.54697909	148
0.63369476	2.35576529	2.54697909	147
0.63369476	2.35576529	2.54697909	146
0.63369476	2.35576529	2.54697909	145
0.63369476	2.35576529	2.54697909	144
0.63369476	2.35576529	2.54697909	143
0.63369476	2.35576529	2.54697909	142
0.63369476	2.35576529	2.54697909	141
0.63369476	2.35576529	2.54697909	140
0.63369476	2.35576529	2.54697909	139
0.63369476	2.35576529	2.54697909	138
0.63369476	2.35576529	2.54697909	137
0.63369476	2.35576529	2.54697909	136
0.63369476	2.35576529	2.54697909	135
0.63372844	2.35625035	2.54686131	134
0.63372844	2.35625035	2.54686131	133
0.63372844	2.35625035	2.54686131	132
0.63372844	2.35625035	2.54686131	131
0.63372844	2.35625035	2.54686131	130
0.63372844	2.35625035	2.54686131	129
0.63372844	2.35625035	2.54686131	128
0.63372844	2.35625035	2.54686131	127
0.63372844	2.35625035	2.54686131	126
0.63372844	2.35625035	2.54686131	125
0.63372844	2.35625035	2.54686131	124
0.63372844	2.35625035	2.54686131	123
0.63372844	2.35625035	2.54686131	122
0.63372844	2.35625035	2.54686131	121
0.63372844	2.35625035	2.54686131	120
0.63372844	2.35625035	2.54686131	119
0.63372844	2.35625035	2.54686131	118
0.63372844	2.35625035	2.54686131	117
0.63372844	2.35625035	2.54686131	116
0.63372844	2.35625035	2.54686131	115
0.63372844	2.35625035	2.54686131	114
0.63372844	2.35625035	2.54686131	113
0.63372844	2.35625035	2.54686131	112
0.63372844	2.35625035	2.54686131	111
0.63372844	2.35625035	2.54686131	110
0.63372844	2.35625035	2.54686131	109
0.63372844	2.35625035	2.54686131	108
0.63372844	2.35625035	2.54686131	107
0.63372844	2.35625035	2.54686131	106
0.63372844	2.35625035	2.54686131	105
0.63372844	2.35625035	2.54686131	104
0.63372844	2.35625035	2.54686131	103
0.63372844	2.35625035	2.54686131	102
0.63372844	2.35625035	2.54686131	101
0.63372844	2.35625035	2.54686131	100
0.63372844	2.35625035	2.54686131	99
0.63372844	2.35625035	2.54686131	98
0.63372844	2.35625035	2.54686131	97
0.63372844	2.35625035	2.54686131	96
0.63372844	2.35625035	2.54686131	95
0.63372844	2.35625035	2.54686131	94
0.63372844	2.35625035	2.54686131	93
0.63372844	2.35625035	2.54686131	92
0.63372844	2.35625035	2.54686131	91
0.63372844	2.35625035	2.54686131	90
0.63372844	2.35625035	2.54686131	89
0.63372844	2.35625035	2.54686131	88
0.63372844	2.35625035	2.54686131	87
0.63372844	2.35625035	2.54686131	86
0.63372844	2.35625035	2.54686131	85
0.63372844	2.35625035	2.54686131	84
0.63372844	2.35625035	2.54686131	83
0.63372844	2.35625035	2.54686131	82
0.63372844	2.35625035	2.54686131	81
0.63372844	2.35625035	2.54686131	80
0.63372844	2.35625035	2.54686131	79
0.63372844	2.35625035	2.54686131	78
0.63372844	2.35625035	2.54686131	77
0.63372844	2.35625035	2.54686131	76
0.63371921	2.35624606	2.54687592	75
0.63368834	2.35623914	2.54688970	74
0.63368875	2.35619773	2.54687997	73
0.63368742	2.35619685	2.54688252	72
0.63368235	2.35610523	2.54688942	71
0.63367757	2.35610269	2.54689884	70
0.63367841	2.35610041	2.54689989	69
0.63367881	2.35607138	2.54690187	68
0.63367688	2.35607095	2.54690454	67
0.63367686	2.35607009	2.54690542	66
0.63367868	2.35606652	2.54690543	65
0.63367811	2.35606562	2.54690582	64
0.63367821	2.35606178	2.54690626	63
0.63367774	2.35606105	2.54690666	62
0.63367798	2.35606026	2.54690692	61
0.63367759	2.35606000	2.54690764	60
0.63367106	2.35600219	2.54691156	59
0.63367224	2.35599465	2.54691737	58
0.63367162	2.35599440	2.54691836	57
0.63366885	2.35599499	2.54691749	56
0.63367022	2.35598999	2.54691877	55
0.63366909	2.35598958	2.54691884	54
0.63366460	2.35598330	2.54691903	53
0.63366912	2.35597543	2.54691967	52
0.63366802	2.35595830	2.54692313	51
0.63366790	2.35595767	2.54692318	50
0.63366753	2.35595388	2.54692537	49
0.63366745	2.35595278	2.54692578	48
0.63366727	2.35595220	2.54692654	47
0.63366523	2.35592620	2.54692816	46
0.63366320	2.35592584	2.54693040	45
0.63366437	2.35592462	2.54693075	44
0.63366036	2.35591311	2.54693153	43
0.63365493	2.35587304	2.54693840	42
0.63365880	2.35587191	2.54694005	41
0.63365836	2.35587194	2.54693993	40
0.63365371	2.35583591	2.54694567	39
0.63365627	2.35583486	2.54694659	38
0.63365593	2.35582317	2.54694672	37
0.63365497	2.35582270	2.54694848	36
0.63365542	2.35582235	2.54694902	35
0.63365562	2.35581260	2.54694971	34
0.63365449	2.35581296	2.54695036	33
0.63365562	2.35582466	2.54694943	32
0.63365645	2.35582463	2.54694860	31
0.63365585	2.35583172	2.54694801	30
0.63365679	2.35583141	2.54694735	29
0.63365638	2.35583745	2.54694682	28
0.63365183	2.35581494	2.54694937	27
0.63365466	2.35581383	2.54695015	26
0.63365406	2.35581299	2.54695024	25
0.63365516	2.35582492	2.54694940	24
0.63365378	2.35582127	2.54694868	23
0.63365580	2.35583173	2.54694791	22
0.63365538	2.35581026	2.54695006	21
0.63365408	2.35581070	2.54695072	20
0.63365423	2.35581050	2.54695116	19
0.63365442	2.35581047	2.54695088	18
0.63365487	2.35582129	2.54695005	17
0.63365595	2.35582111	2.54694924	16
0.63365532	2.35582766	2.54694868	15
0.63365627	2.35582738	2.54694808	14
0.63365592	2.35583278	2.54694761	13
0.63365136	2.35580659	2.54695100	12
0.63365467	2.35581981	2.54695021	11
0.63365510	2.35582256	2.54694930	10
0.63365585	2.35582065	2.54694975	9
0.63365518	2.35582451	2.54694916	8
0.63365098	2.35579956	2.54695234	7
0.63365404	2.35581325	2.54695143	6
0.63365483	2.35581494	2.54695050	5
0.63365494	2.35581614	2.54695011	4
0.63365488	2.35581627	2.54694995	3
			2
