#N 32 1
#C Ni
## Force from LAMMPS, T300, bulk
#X 3.52 0   0
#Y 0   3.52 0
#Z 0   0    3.52
#E -102.95292 
#F						
0 0.0227001 -0.00959049 -0.0456756 -0.100889 -1.16313 0.926607 
0 1.80095 1.71938 -0.0248648 -0.408405 1.04463 0.23291 
0 1.80589 -0.0036346 1.76772 -1.0939 0.14365 0.0560139 
0 0.0207909 1.71567 1.70627 -0.129743 1.01074 0.866326 
0 3.51266 -0.00275762 -0.0159957 0.126422 0.0801663 -0.170711 
0 5.29797 1.78758 0.0322624 -1.71925 -0.0871581 -0.368368 
0 5.28938 0.0268792 1.71546 -0.326837 -1.81619 1.15312 
0 3.54159 1.71878 1.85198 -0.921315 1.48948 -2.52551 
0 -0.0264209 3.56854 -0.0027203 1.24871 -0.996116 -0.47232 
0 1.78861 5.28068 0.0375519 -0.81616 0.16545 -1.32704 
0 1.69724 3.47695 1.78667 1.59302 0.91439 -1.27406 
0 -0.0185357 5.2772 1.75498 0.246646 1.41765 0.199546 
0 3.4991 3.52444 0.0295615 0.677971 -1.08523 0.428552 
0 5.24275 5.27998 -0.0248354 0.221093 -0.103149 0.266675 
0 5.28023 3.54585 1.78533 0.479468 -0.78564 -0.433638 
0 3.51828 5.27097 1.77381 0.441462 0.929226 0.219874 
0 0.0261034 0.0133092 3.50143 -1.7903 -0.248607 0.2361 
0 1.73277 1.77269 3.52788 0.137273 -0.554585 0.732107 
0 1.75489 -0.018334 5.22994 0.671404 0.480078 2.02205 
0 -0.0210994 1.73393 5.31413 0.753732 1.09691 -0.914585 
0 3.51708 -0.0219386 3.54271 0.852621 0.00834101 -0.47771 
0 5.30372 1.79132 3.49676 0.964486 -0.503443 0.476813 
0 5.23967 0.0221755 5.29503 1.07203 -0.218976 -0.530716 
0 3.54146 1.76265 5.24058 -0.533874 0.606151 0.426186 
0 0.0380546 3.56954 3.53752 -1.01932 -1.89528 0.462138 
0 1.73844 5.32165 3.55376 0.136788 -1.53534 -1.97009 
0 1.80128 3.52828 5.29734 -1.63653 -0.164437 -0.12782 
0 -0.0439714 5.28663 5.25632 1.04089 0.438304 1.29317 
0 3.48154 3.56154 3.48725 0.422037 -1.32407 0.482518 
0 5.29324 5.25575 3.54955 -0.285579 1.21689 -1.05407 
0 5.27932 3.4792 5.28806 -0.579034 0.741269 -0.625025 
0 3.52435 5.2447 5.23424 0.275088 0.698014 1.79098 
