#N	32	1
#C	Ni
##	Force	from	LAMMPS,	T300,	bulk
#X	7.04	0	0
#Y	0	7.04	0
#Z	0	0	7.04
#E	-129.64263
#F
0 0.0483754 0.111981 0.0316 -0.629978 -1.48112 -0.857629 
0 1.73843 1.8213 0.0226465 1.56853 0.399937 0.376036 
0 1.82138 0.0462582 1.80509 -1.43946 0.402272 -0.130888 
0 -0.00336517 1.8105 1.79793 1.36293 0.501057 0.60956 
0 3.53398 0.0560468 -0.000880991 0.226578 -0.354249 0.0443365 
0 5.30094 1.83749 0.0352845 0.0659958 -0.650626 -0.529959 
0 5.26925 0.0988475 1.7348 0.964973 -1.49941 1.68816 
0 3.5155 1.76718 1.78261 0.271463 1.90144 0.214853 
0 -0.00600911 3.57157 0.0467717 1.55441 0.0331788 0.0917808 
0 1.77502 5.31156 0.0321837 0.226913 0.839779 -0.726609 
0 1.79422 3.60619 1.76505 -1.35262 -1.21549 0.764342 
0 0.0241538 5.41256 1.77492 0.0736022 -0.986443 0.805371 
0 3.53487 3.52885 0.0664893 0.36238 1.12395 -1.14234 
0 5.35716 5.33941 0.0566705 -1.66117 0.634144 -1.20182 
0 5.32135 3.59492 1.79376 -0.790966 -0.161804 -0.183645 
0 3.53575 5.32453 1.72717 0.983735 0.492767 1.43023 
0 0.0295395 0.0828875 3.58242 0.0862978 -0.399871 -0.737523 
0 1.79327 1.8925 3.55198 -0.147333 -2.04625 -0.50934 
0 1.82208 0.0216086 5.31255 -0.68369 0.512034 -0.843607 
0 0.0636518 1.85013 5.29633 -1.31594 -0.314907 -0.279789 
0 3.56241 0.00183583 3.53356 -0.571653 1.26111 0.657129 
0 5.28353 1.84758 3.52219 0.212561 -0.74974 1.16388 
0 5.30304 0.072803 5.2984 0.473999 0.0708779 0.611632 
0 3.53524 1.83258 5.32988 0.0479524 -0.337736 -1.13993 
0 0.00101844 3.63387 3.53838 0.357636 -1.54723 -0.179766 
0 1.76628 5.30322 3.53866 0.877382 1.44989 0.00938128 
0 1.79583 3.605 5.28563 0.122442 -0.463141 1.33563 
0 0.0382862 5.30932 5.33468 -0.608058 1.50483 -0.388254 
0 3.5562 3.59117 3.52607 0.153208 -0.157737 -0.093916 
0 5.30423 5.33469 3.55681 0.604234 0.694621 -0.892043 
0 5.31 3.57395 5.34941 0.0111281 -0.419732 -1.21105 
0 3.60239 5.2895 5.30037 -1.40747 0.963593 1.2458 
