2.33857
0.00240847
0.00387906
0.00409279
0.00682183
0.00657311
0.00198345
0.00145694
0.00311373
0.00209622
0.00261183
0.00392351
0.000922293
0.00266742
0.00352695
0.00112504
0.002976
0.0038229
0.00232453
0.00283742
0.00328243
0.00196758
0.00212196
0.00212453
0.00229313
0.00546273
0.0070401
0.00229985
0.00460696
0.00663165
0.00873207
0.00441131
0.000362083
0.00217505
0.00190227
0.000736155
0.00259
0.00137431
0.000837346
0.00331667
0.00342522
0.00369615
0.00377184
0.00181114
0.00336951
0.00194565
0.002294
0.00198105
0.00122967
0.00191669
0.00116603
0.00106964
0.0044623
0.00553912
0.00132207
0.00406107
0.00471265
0.00314051
0.00358126
0.00291513
0.00248877
0.00568608
0.00987641
0.0035877
0.00193326
0.00525033
0.00518092
0.00133771
0.00726643
0.00191107
0.00453421
0.00306524
0.00347764
0.00287159
0.00226443
0.000691177
0.00253909
0.00396945
0.00108724
0.00360588
0.00104661
0.00507048
0.00480721
0.000773617
0.000503126
0.000697209
6.64003e-05
0.00171001
0.00254086
0.00298921
0.00187967
0.000622896
0.00316837
0.00370135
0.00458423
0.00287584
0.00146866
0.0005828
0.000723779
0.00274445
0.00102178
0.0016241
0.00162647
0.00479519
0.00421768
0.00598558
0.000245967
0.00130006
0.00194809
0.000742593
0.00153667
0.00132022
0.00439738
0.000880145
0.00448332
0.00705044
0.00787444
0.00605193
0.00429608
0.00551385
0.00412661
0.00334332
0.00128204
0.00654158
0.0013854
0.00274711
0.00325009
0.00471651
0.00508023
0.00367246
0.00530346
0.0029707
0.00178208
0.00146509
0.00415808
0.00350141
0.00273399
0.00226071
0.00246725
0.00417278
0.00320875
0.00427603
0.00781324
0.00225773
0.00549892
0.00261542
0.0022621
0.00336933
0.00303171
0.0029053
0.00497105
0.00336379
0.00262554
0.00488015
0.00129558
0.00246487
0.00154081
0.000343953
0.000678399
0.00320844
0.00535574
0.00388085
0.00489898
0.00380913
0.00351688
0.00152924
0.00228728
0.00225844
0.000611003
0.00289082
0.00501756
0.00265727
0.0027634
0.0036341
0.0035421
0.00172002
0.00235944
0.000495602
0.00391928
0.00433091
0.00288743
0.000496713
0.00117134
0.00132095
0.00205486
0.000728354
0.00241808
0.00316642
0.00256623
0.000473831
0.00176877
0.00386667
0.00149399
0.00238706
0.00587124
0.00506777
0.00268719
0.00113358
0.00140768
0.00225118
0.00231311
0.000807034
0.000345863
0.00135652
0.00253997
0.00195291
0.00324489
0.00291328
0.00118224
0.00295857
0.0014071
0.000720017
0.000128701
0.00261939
0.0029821
0.00238789
0.0045615
0.00265073
0.000481203
0.00695258
0.00425818
0.00593134
0.00354637
0.00283428
0.00224125
0.00377481
0.00562301
0.00222789
0.00128328
0.00104809
0.00189046
0.00259361
0.00414397
0.00352015
0.00399148
0.000909752
0.00213657
0.000360501
0.00289138
0.00328022
0.0064805
0.00564331
0.00628201
0.00471133
0.00426773
0.00501551
0.00303169
0.00185085
0.002847
0.00212651
0.0049085
0.00520047
0.00372805
0.00810772
0.00374973
0.0052164
0.00467396
0.00389853
0.00311635
0.00280623
0.00124705
0.00225821
0.00274097
0.0018317
0.00105604
0.00119724
0.00449027
0.00357775
0.00289841
0.00143346
0.00369338
0.00324549
0.00374021
0.00371601
0.0028611
0.00161981
0.00231546
0.000811527
0.00312527
0.00115367
0.00191413
0.0043101
0.00528866
0.00459836
0.00292352
0.00227629
0.00394094
0.00356856
0.0026863
0.00135404
0.000376877
0.00205162
0.00225812
0.00114998
0.00282358
0.00138164
0.0018948
0.00210412
0.00396843
0.0035142
0.00241794
0.00389815
0.0014842
0.00423947
0.00195776
0.00138082
0.00193643
0.00400682
0.00573878
0.00356786
0.000406769
0.00211287
0.000889233
0.00249396
0.00282471
0.00208862
0.00107891
0.00206544
0.00427332
0.00206371
0.00278749
0.00190636
0.0026334
0.00284198
0.0060581
0.00154685
0.00386254
0.00112289
0.000986402
0.00127923
0.00386028
0.00558559
0.00804233
0.00934059
0.00477813
0.000245204
0.00575539
0.00467074
0.00123971
0.0025561
0.0026082
0.000529702
0.00393741
0.00100846
0.00211816
0.00444415
0.00195672
0.00162907
0.00192502
0.00367796
0.00350435
0.000473524
0.000691738
0.00315795
0.00291769
0.000628077
0.00243154
0.00255412
0.00121774
0.00100792
0.0014345
0.00244944
0.00665623
0.00282579
0.00324054
0.00233064
0.00213312
0.000833088
0.000311771
0.00202615
0.00419044
0.00584593
0.000943898
0.000260847
0.00253584
0.00285408
0.00392074
0.00313759
0.00277829
0.000310846
0.000932013
0.00271975
0.00285543
0.00307438
0.00249579
0.0011146
0.0014558
0.00390263
0.00116272
0.000992913
0.00226013
0.0024127
0.00224658
0.000865541
0.00313604
0.00480937
0.00649324
0.0043011
0.00426953
0.00296161
0.00177921
0.000828881
0.000894306
0.00237669
0.00138315
0.00146916
0.00198622
0.00187858
0.00170315
0.00109834
0.00424595
0.00314582
0.00359927
0.00266967
0.000842264
0.00147739
0.00240307
0.00245264
0.00503799
0.00204695
0.00276494
0.000487915
0.00525404
0.00665261
0.00259467
0.000404328
0.0016976
0.00423021
0.00249996
0.00564982
0.00231709
0.0052189
0.000924883
0.00189114
0.00264438
0.00527695
0.00332028
0.00383878
0.00485733
0.00383338
0.00253726
0.00156244
0.00253434
0.000374066
0.00215426
0.00048982
0.00379021
0.00127973
0.00188466
0.0020197
0.000912285
0.00315918
0.00131789
0.00346942
0.00437165
0.00387485
0.0029601
0.00241019
0.00242014
0.0027501
0.00450977
0.000806045
0.00454527
0.00276172
0.00475714
0.00202193
0.0028901
0.000613372
0.0016761
0.00298473
0.00354177
0.00371359
0.000699872
0.00461078
0.00228213
0.00740344
0.00373989
0.00497664
0.00410198
0.00336513
0.000760405
0.00116168
0.00329799
0.00114062
0.00396003
0.00182914
0.00244164
0.00114547
0.000264038
0.0037396
0.00169156
0.00546489
0.00156125
0.00123856
0.000933081
0.000975359
0.00237161
0.00294501
0.00420729
0.00349299
0.00257505
